[1,1] [1,1] [1,1] [1,1] [1,1] [1,1] [1,1] [1,1] [1,1] [1,1] [1,1] [1,1] [1,1] [1,1] [1,1] [1,1] [1,1] [1,1] [1,1] [1,1] [1,1] [1,1] [1,1] [1,1] [1,1] [1,1] [1,1] [1,1] [1,1] [1,1] [1,1] [1,1] [1,1] [1,1] [1,1] [1,1] [1,1] [1,1] [1,1] [1,1] [1,1] [1,1] [1,1] [1,1] [1,1] [1,1] [1,1] [1,1] [1,1] [1,1] [1,1] [1,1] [1,1] [1,1] [1,1] [1,1] [1,1] [1,1] [1,1] [1,1] [1,1] [1,1] [1,1] [1,1] [1,1] [1,1] [1,1] [1,1] [1,1] [1,1] [1,1] [1,1] [1,1] [1,1] [1,1] [1,1] [1,1] [1,1] [1,1] [1,1] [1,1] [1,1] [1,1] [1,1] [1,1] [1,1] [1,1] [1,1] [1,1] [1,1] [1,1] [1,1] [1,1] [1,1] [1,1] [1,1] [1,1] [1,1] [1,1] [1,1]
[1,1] [1,1] [1,1] [1,1] [1,1] [1,1] [1,1] [1,1] [1,1] [1,1] [1,1] [1,1] [1,1] [1,1] [1,1] [1,1] [1,1] [1,1] [1,1] [1,1] [1,1] [1,1] [1,1] [1,1] [1,1] [1,1] [1,1] [1,1] [1,1] [1,1] [1,1] [1,1] [1,1] [1,1] [1,1] [1,1] [1,1] [1,1] [1,1] [1,1] [1,1] [1,1] [1,1] [1,1] [1,1] [1,1] [1,1] [1,1] [1,1] [1,1] [1,1] [1,1] [1,1] [1,1] [1,1] [1,1] [1,1] [1,1] [1,1] [1,1] [1,1] [1,1] [1,1] [1,1] [1,1] [1,1] [1,1] [1,1] [1,1] [1,1] [1,1] [1,1] [1,1] [1,1] [1,1] [1,1] [1,1] [1,1] [1,1] [1,1] [1,1] [1,1] [1,1] [1,1] [1,1] [1,1] [1,1] [1,1] [1,1] [1,1] [1,1] [1,1] [1,1] [1,1] [1,1] [1,1] [1,1] [1,1] [1,1] [1,1]
[1,1] [1,1] [1,1] [1,1] [1,1] [1,1] [1,1] [1,1] [1,1] [1,1] [1,1] [1,1] [1,1] [1,1] [1,1] [1,1] [1,1] [1,1] [1,1] [1,1] [1,1] [1,1] [1,1] [1,1] [1,1] [1,1] [1,1] [1,1] [1,1] [1,1] [1,1] [1,1] [1,1] [1,1] [1,1] [1,1] [1,1] [1,1] [1,1] [1,1] [1,1] [1,1] [1,1] [1,1] [1,1] [1,1] [1,1] [1,1] [1,1] [1,1] [1,1] [1,1] [1,1] [1,1] [1,1] [1,1] [1,1] [1,1] [1,1] [1,1] [1,1] [1,1] [1,1] [1,1] [1,1] [1,1] [1,1] [1,1] [1,1] [1,1] [1,1] [1,1] [1,1] [1,1] [1,1] [1,1] [1,1] [1,1] [1,1] [1,1] [1,1] [1,1] [1,1] [1,1] [1,1] [1,1] [1,1] [1,1] [1,1] [1,1] [1,1] [1,1] [1,1] [1,1] [1,1] [1,1] [1,1] [1,1] [1,1] [1,1]
[1,1] [1,1] [1,1] [1,1] [1,1] [1,1] [1,1] [1,1] [1,1] [1,1] [1,1] [1,1] [1,1] [1,1] [1,1] [1,1] [1,1] [1,1] [1,1] [1,1] [1,1] [1,1] [1,1] [1,1] [1,1] [1,1] [1,1] [1,1] [1,1] [1,1] [1,1] [1,1] [1,1] [1,1] [1,1] [1,1] [1,1] [1,1] [1,1] [1,1] [1,1] [1,1] [1,1] [1,1] [1,1] [1,1] [1,1] [1,1] [1,1] [1,1] [1,1] [1,1] [1,1] [1,1] [1,1] [1,1] [1,1] [1,1] [1,1] [1,1] [1,1] [1,1] [1,1] [1,1] [1,1] [1,1] [1,1] [1,1] [1,1] [1,1] [1,1] [1,1] [1,1] [1,1] [1,1] [1,1] [1,1] [1,1] [1,1] [1,1] [1,1] [1,1] [1,1] [1,1] [1,1] [1,1] [1,1] [1,1] [1,1] [1,1] [1,1] [1,1] [1,1] [1,1] [1,1] [1,1] [1,1] [1,1] [1,1] [1,1]
[1,1] [1,1] [1,1] [1,1] [1,1] [1,1] [1,1] [1,1] [1,1] [1,1] [1,1] [1,1] [1,1] [1,1] [1,1] [1,1] [1,1] [1,1] [1,1] [1,1] [1,1] [1,1] [1,1] [1,1] [1,1] [1,1] [1,1] [1,1] [1,1] [1,1] [1,1] [1,1] [1,1] [1,1] [1,1] [1,1] [1,1] [1,1] [1,1] [1,1] [1,1] [1,1] [1,1] [1,1] [1,1] [1,1] [1,1] [1,1] [1,1] [1,1] [1,1] [1,1] [1,1] [1,1] [1,1] [1,1] [1,1] [1,1] [1,1] [1,1] [1,1] [1,1] [1,1] [1,1] [1,1] [1,1] [1,1] [1,1] [1,1] [1,1] [1,1] [1,1] [1,1] [1,1] [1,1] [1,1] [1,1] [1,1] [1,1] [1,1] [1,1] [1,1] [1,1] [1,1] [1,1] [1,1] [1,1] [1,1] [1,1] [1,1] [1,1] [1,1] [1,1] [1,1] [1,1] [1,1] [1,1] [1,1] [1,1] [1,1]
[1,1] [1,1] [1,1] [1,1] [1,1] [1,1] [1,1] [1,1] [1,1] [1,1] [1,1] [1,1] [1,1] [1,1] [1,1] [1,1] [1,1] [1,1] [1,1] [1,1] [1,1] [1,1] [1,1] [1,1] [1,1] [1,1] [1,1] [1,1] [1,1] [1,1] [1,1] [1,1] [1,1] [1,1] [1,1] [1,1] [1,1] [1,1] [1,1] [1,1] [1,1] [1,1] [1,1] [1,1] [1,1] [1,1] [1,1] [1,1] [1,1] [1,1] [1,1] [1,1] [1,1] [1,1] [1,1] [1,1] [1,1] [1,1] [1,1] [1,1] [1,1] [1,1] [1,1] [1,1] [1,1] [1,1] [1,1] [1,1] [1,1] [1,1] [1,1] [1,1] [1,1] [1,1] [1,1] [1,1] [1,1] [1,1] [1,1] [1,1] [1,1] [1,1] [1,1] [1,1] [1,1] [1,1] [1,1] [1,1] [1,1] [1,1] [1,1] [1,1] [1,1] [1,1] [1,1] [1,1] [1,1] [1,1] [1,1] [1,1]
[1,1] [1,1] [1,1] [1,1] [1,1] [1,1] [1,1] [1,1] [1,1] [1,1] [1,1] [1,1] [1,1] [1,1] [1,1] [1,1] [1,1] [1,1] [1,1] [1,1] [1,1] [1,1] [1,1] [1,1] [1,1] [1,1] [1,1] [1,1] [1,1] [1,1] [1,1] [1,1] [1,1] [1,1] [1,1] [1,1] [1,1] [1,1] [1,1] [1,1] [1,1] [1,1] [1,1] [1,1] [1,1] [1,1] [1,1] [1,1] [1,1] [1,1] [1,1] [1,1] [1,1] [1,1] [1,1] [1,1] [1,1] [1,1] [1,1] [1,1] [1,1] [1,1] [1,1] [1,1] [1,1] [1,1] [1,1] [1,1] [1,1] [1,1] [1,1] [1,1] [1,1] [1,1] [1,1] [1,1] [1,1] [1,1] [1,1] [1,1] [1,1] [1,1] [1,1] [1,1] [1,1] [1,1] [1,1] [1,1] [1,1] [1,1] [1,1] [1,1] [1,1] [1,1] [1,1] [1,1] [1,1] [1,1] [1,1] [1,1]
[1,1] [1,1] [1,1] [1,1] [1,1] [1,1] [1,1] [1,1] [1,1] [1,1] [1,1] [1,1] [1,1] [1,1] [1,1] [1,1] [1,1] [1,1] [1,1] [1,1] [1,1] [1,1] [1,1] [1,1] [1,1] [1,1] [1,1] [1,1] [1,1] [1,1] [1,1] [1,1] [1,1] [1,1] [1,1] [1,1] [1,1] [1,1] [1,1] [1,1] [1,1] [1,1] [1,1] [1,1] [1,1] [1,1] [1,1] [1,1] [1,1] [1,1] [1,1] [1,1] [1,1] [1,1] [1,1] [1,1] [1,1] [1,1] [1,1] [1,1] [1,1] [1,1] [1,1] [1,1] [1,1] [1,1] [1,1] [1,1] [1,1] [1,1] [1,1] [1,1] [1,1] [1,1] [1,1] [1,1] [1,1] [1,1] [1,1] [1,1] [1,1] [1,1] [1,1] [1,1] [1,1] [1,1] [1,1] [1,1] [1,1] [1,1] [1,1] [1,1] [1,1] [1,1] [1,1] [1,1] [1,1] [1,1] [1,1] [1,1]
[1,1] [1,1] [1,1] [1,1] [1,1] [1,1] [1,1] [1,1] [1,1] [1,1] [1,1] [1,1] [1,1] [1,1] [1,1] [1,1] [1,1] [1,1] [1,1] [1,1] [1,1] [1,1] [1,1] [1,1] [1,1] [1,1] [1,1] [1,1] [1,1] [1,1] [1,1] [1,1] [1,1] [1,1] [1,1] [1,1] [1,1] [1,1] [1,1] [1,1] [1,1] [1,1] [1,1] [1,1] [1,1] [1,1] [1,1] [1,1] [1,1] [1,1] [1,1] [1,1] [1,1] [1,1] [1,1] [1,1] [1,1] [1,1] [1,1] [1,1] [1,1] [1,1] [1,1] [1,1] [1,1] [1,1] [1,1] [1,1] [1,1] [1,1] [1,1] [1,1] [1,1] [1,1] [1,1] [1,1] [1,1] [1,1] [1,1] [1,1] [1,1] [1,1] [1,1] [1,1] [1,1] [1,1] [1,1] [1,1] [1,1] [1,1] [1,1] [1,1] [1,1] [1,1] [1,1] [1,1] [1,1] [1,1] [1,1] [1,1]
[1,1] [1,1] [1,1] [1,1] [1,1] [1,1] [1,1] [1,1] [1,1] [1,1] [1,1] [1,1] [1,1] [1,1] [1,1] [1,1] [1,1] [1,1] [1,1] [1,1] [1,1] [1,1] [1,1] [1,1] [1,1] [1,1] [1,1] [1,1] [1,1] [1,1] [1,1] [1,1] [1,1] [1,1] [1,1] [1,1] [1,1] [1,1] [1,1] [1,1] [1,1] [1,1] [1,1] [1,1] [1,1] [1,1] [1,1] [1,1] [1,1] [1,1] [1,1] [1,1] [1,1] [1,1] [1,1] [1,1] [1,1] [1,1] [1,1] [1,1] [1,1] [1,1] [1,1] [1,1] [1,1] [1,1] [1,1] [1,1] [1,1] [1,1] [1,1] [1,1] [1,1] [1,1] [1,1] [1,1] [1,1] [1,1] [1,1] [1,1] [1,1] [1,1] [1,1] [1,1] [1,1] [1,1] [1,1] [1,1] [1,1] [1,1] [1,1] [1,1] [1,1] [1,1] [1,1] [1,1] [1,1] [1,1] [1,1] [1,1]
[1,1] [1,1] [1,1] [1,1] [1,1] [1,1] [1,1] [1,1] [1,1] [1,1] [1,1] [1,1] [1,1] [1,1] [1,1] [1,1] [1,1] [1,1] [1,1] [1,1] [1,1] [1,1] [1,1] [1,1] [1,1] [1,1] [1,1] [1,1] [1,1] [1,1] [1,1] [1,1] [1,1] [1,1] [1,1] [1,1] [1,1] [1,1] [1,1] [1,1] [1,1] [1,1] [1,1] [1,1] [1,1] [1,1] [1,1] [1,1] [1,1] [1,1] [1,1] [1,1] [1,1] [1,1] [1,1] [1,1] [1,1] [1,1] [1,1] [1,1] [1,1] [1,1] [1,1] [1,1] [1,1] [1,1] [1,1] [1,1] [1,1] [1,1] [1,1] [1,1] [1,1] [1,1] [1,1] [1,1] [1,1] [1,1] [1,1] [1,1] [1,1] [1,1] [1,1] [1,1] [1,1] [1,1] [1,1] [1,1] [1,1] [1,1] [1,1] [1,1] [1,1] [1,1] [1,1] [1,1] [1,1] [1,1] [1,1] [1,1]
[1,1] [1,1] [1,1] [1,1] [1,1] [1,1] [1,1] [1,1] [1,1] [1,1] [1,1] [1,1] [1,1] [1,1] [1,1] [1,1] [1,1] [1,1] [1,1] [1,1] [1,1] [1,1] [1,1] [1,1] [1,1] [1,1] [1,1] [1,1] [1,1] [1,1] [1,1] [1,1] [1,1] [1,1] [1,1] [1,1] [1,1] [1,1] [1,1] [1,1] [1,1] [1,1] [1,1] [1,1] [1,1] [1,1] [1,1] [1,1] [1,1] [1,1] [1,1] [1,1] [1,1] [1,1] [1,1] [1,1] [1,1] [1,1] [1,1] [1,1] [1,1] [1,1] [1,1] [1,1] [1,1] [1,1] [1,1] [1,1] [1,1] [1,1] [1,1] [1,1] [1,1] [1,1] [1,1] [1,1] [1,1] [1,1] [1,1] [1,1] [1,1] [1,1] [1,1] [1,1] [1,1] [1,1] [1,1] [1,1] [1,1] [1,1] [1,1] [1,1] [1,1] [1,1] [1,1] [1,1] [1,1] [1,1] [1,1] [1,1]
[1,1] [1,1] [1,1] [1,1] [1,1] [1,1] [1,1] [1,1] [1,1] [1,1] [1,1] [1,1] [1,1] [1,1] [1,1] [1,1] [1,1] [1,1] [1,1] [1,1] [1,1] [1,1] [1,1] [1,1] [1,1] [1,1] [1,1] [1,1] [1,1] [1,1] [1,1] [1,1] [1,1] [1,1] [1,1] [1,1] [1,1] [1,1] [1,1] [1,1] [1,1] [1,1] [1,1] [1,1] [1,1] [1,1] [1,1] [1,1] [1,1] [1,1] [1,1] [1,1] [1,1] [1,1] [1,1] [1,1] [1,1] [1,1] [1,1] [1,1] [1,1] [1,1] [1,1] [1,1] [1,1] [1,1] [1,1] [1,1] [1,1] [1,1] [1,1] [1,1] [1,1] [1,1] [1,1] [1,1] [1,1] [1,1] [1,1] [1,1] [1,1] [1,1] [1,1] [1,1] [1,1] [1,1] [1,1] [1,1] [1,1] [1,1] [1,1] [1,1] [1,1] [1,1] [1,1] [1,1] [1,1] [1,1] [1,1] [1,1]
[1,1] [1,1] [1,1] [1,1] [1,1] [1,1] [1,1] [1,1] [1,1] [1,1] [1,1] [1,1] [1,1] [1,1] [1,1] [1,1] [1,1] [1,1] [1,1] [1,1] [1,1] [1,1] [1,1] [1,1] [1,1] [1,1] [1,1] [1,1] [1,1] [1,1] [1,1] [1,1] [1,1] [1,1] [1,1] [1,1] [1,1] [1,1] [1,1] [1,1] [1,1] [1,1] [1,1] [1,1] [1,1] [1,1] [1,1] [1,1] [1,1] [1,1] [1,1] [1,1] [1,1] [1,1] [1,1] [1,1] [1,1] [1,1] [1,1] [1,1] [1,1] [1,1] [1,1] [1,1] [1,1] [1,1] [1,1] [1,1] [1,1] [1,1] [1,1] [1,1] [1,1] [1,1] [1,1] [1,1] [1,1] [1,1] [1,1] [1,1] [1,1] [1,1] [1,1] [1,1] [1,1] [1,1] [1,1] [1,1] [1,1] [1,1] [1,1] [1,1] [1,1] [1,1] [1,1] [1,1] [1,1] [1,1] [1,1] [1,1]
[1,1] [1,1] [1,1] [1,1] [1,1] [1,1] [1,1] [1,1] [1,1] [1,1] [1,1] [1,1] [1,1] [1,1] [1,1] [1,1] [1,1] [1,1] [1,1] [1,1] [1,1] [1,1] [1,1] [1,1] [1,1] [1,1] [1,1] [1,1] [1,1] [1,1] [1,1] [1,1] [1,1] [1,1] [1,1] [1,1] [1,1] [1,1] [1,1] [1,1] [1,1] [1,1] [1,1] [1,1] [1,1] [1,1] [1,1] [1,1] [1,1] [1,1] [1,1] [1,1] [1,1] [1,1] [1,1] [1,1] [1,1] [1,1] [1,1] [1,1] [1,1] [1,1] [1,1] [1,1] [1,1] [1,1] [1,1] [1,1] [1,1] [1,1] [1,1] [1,1] [1,1] [1,1] [1,1] [1,1] [1,1] [1,1] [1,1] [1,1] [1,1] [1,1] [1,1] [1,1] [1,1] [1,1] [1,1] [1,1] [1,1] [1,1] [1,1] [1,1] [1,1] [1,1] [1,1] [1,1] [1,1] [1,1] [1,1] [1,1]
[1,1] [1,1] [1,1] [1,1] [1,1] [1,1] [1,1] [1,1] [1,1] [1,1] [1,1] [1,1] [1,1] [1,1] [1,1] [1,1] [1,1] [1,1] [1,1] [1,1] [1,1] [1,1] [1,1] [1,1] [1,1] [1,1] [1,1] [1,1] [1,1] [1,1] [1,1] [1,1] [1,1] [1,1] [1,1] [1,1] [1,1] [1,1] [1,1] [1,1] [1,1] [1,1] [1,1] [1,1] [1,1] [1,1] [1,1] [1,1] [1,1] [1,1] [1,1] [1,1] [1,1] [1,1] [1,1] [1,1] [1,1] [1,1] [1,1] [1,1] [1,1] [1,1] [1,1] [1,1] [1,1] [1,1] [1,1] [1,1] [1,1] [1,1] [1,1] [1,1] [1,1] [1,1] [1,1] [1,1] [1,1] [1,1] [1,1] [1,1] [1,1] [1,1] [1,1] [1,1] [1,1] [1,1] [1,1] [1,1] [1,1] [1,1] [1,1] [1,1] [1,1] [1,1] [1,1] [1,1] [1,1] [1,1] [1,1] [1,1]
[1,1] [1,1] [1,1] [1,1] [1,1] [1,1] [1,1] [1,1] [1,1] [1,1] [1,1] [1,1] [1,1] [1,1] [1,1] [1,1] [1,1] [1,1] [1,1] [1,1] [1,1] [1,1] [1,1] [1,1] [1,1] [1,1] [1,1] [1,1] [1,1] [1,1] [1,1] [1,1] [1,1] [1,1] [1,1] [1,1] [1,1] [1,1] [1,1] [1,1] [1,1] [1,1] [1,1] [1,1] [1,1] [1,1] [1,1] [1,1] [1,1] [1,1] [1,1] [1,1] [1,1] [1,1] [1,1] [1,1] [1,1] [1,1] [1,1] [1,1] [1,1] [1,1] [1,1] [1,1] [1,1] [1,1] [1,1] [1,1] [1,1] [1,1] [1,1] [1,1] [1,1] [1,1] [1,1] [1,1] [1,1] [1,1] [1,1] [1,1] [1,1] [1,1] [1,1] [1,1] [1,1] [1,1] [1,1] [1,1] [1,1] [1,1] [1,1] [1,1] [1,1] [1,1] [1,1] [1,1] [1,1] [1,1] [1,1] [1,1]
[1,1] [1,1] [1,1] [1,1] [1,1] [1,1] [1,1] [1,1] [1,1] [1,1] [1,1] [1,1] [1,1] [1,1] [1,1] [1,1] [1,1] [1,1] [1,1] [1,1] [1,1] [1,1] [1,1] [1,1] [1,1] [1,1] [1,1] [1,1] [1,1] [1,1] [1,1] [1,1] [1,1] [1,1] [1,1] [1,1] [1,1] [1,1] [1,1] [1,1] [1,1] [1,1] [1,1] [1,1] [1,1] [1,1] [1,1] [1,1] [1,1] [1,1] [1,1] [1,1] [1,1] [1,1] [1,1] [1,1] [1,1] [1,1] [1,1] [1,1] [1,1] [1,1] [1,1] [1,1] [1,1] [1,1] [1,1] [1,1] [1,1] [1,1] [1,1] [1,1] [1,1] [1,1] [1,1] [1,1] [1,1] [1,1] [1,1] [1,1] [1,1] [1,1] [1,1] [1,1] [1,1] [1,1] [1,1] [1,1] [1,1] [1,1] [1,1] [1,1] [1,1] [1,1] [1,1] [1,1] [1,1] [1,1] [1,1] [1,1]
[1,1] [1,1] [1,1] [1,1] [1,1] [1,1] [1,1] [1,1] [1,1] [1,1] [1,1] [1,1] [1,1] [1,1] [1,1] [1,1] [1,1] [1,1] [1,1] [1,1] [1,1] [1,1] [1,1] [1,1] [1,1] [1,1] [1,1] [1,1] [1,1] [1,1] [1,1] [1,1] [1,1] [1,1] [1,1] [1,1] [1,1] [1,1] [1,1] [1,1] [1,1] [1,1] [1,1] [1,1] [1,1] [1,1] [1,1] [1,1] [1,1] [1,1] [1,1] [1,1] [1,1] [1,1] [1,1] [1,1] [1,1] [1,1] [1,1] [1,1] [1,1] [1,1] [1,1] [1,1] [1,1] [1,1] [1,1] [1,1] [1,1] [1,1] [1,1] [1,1] [1,1] [1,1] [1,1] [1,1] [1,1] [1,1] [1,1] [1,1] [1,1] [1,1] [1,1] [1,1] [1,1] [1,1] [1,1] [1,1] [1,1] [1,1] [1,1] [1,1] [1,1] [1,1] [1,1] [1,1] [1,1] [1,1] [1,1] [1,1]
[1,1] [1,1] [1,1] [1,1] [1,1] [1,1] [1,1] [1,1] [1,1] [1,1] [1,1] [1,1] [1,1] [1,1] [1,1] [1,1] [1,1] [1,1] [1,1] [1,1] [1,1] [1,1] [1,1] [1,1] [1,1] [1,1] [1,1] [1,1] [1,1] [1,1] [1,1] [1,1] [1,1] [1,1] [1,1] [1,1] [1,1] [1,1] [1,1] [1,1] [1,1] [1,1] [1,1] [1,1] [1,1] [1,1] [1,1] [1,1] [1,1] [1,1] [1,1] [1,1] [1,1] [1,1] [1,1] [1,1] [1,1] [1,1] [1,1] [1,1] [1,1] [1,1] [1,1] [1,1] [1,1] [1,1] [1,1] [1,1] [1,1] [1,1] [1,1] [1,1] [1,1] [1,1] [1,1] [1,1] [1,1] [1,1] [1,1] [1,1] [1,1] [1,1] [1,1] [1,1] [1,1] [1,1] [1,1] [1,1] [1,1] [1,1] [1,1] [1,1] [1,1] [1,1] [1,1] [1,1] [1,1] [1,1] [1,1] [1,1]
[1,1] [1,1] [1,1] [1,1] [1,1] [1,1] [1,1] [1,1] [1,1] [1,1] [1,1] [1,1] [1,1] [1,1] [1,1] [1,1] [1,1] [1,1] [1,1] [1,1] [1,1] [1,1] [1,1] [1,1] [1,1] [1,1] [1,1] [1,1] [1,1] [1,1] [1,1] [1,1] [1,1] [1,1] [1,1] [1,1] [1,1] [1,1] [1,1] [1,1] [1,1] [1,1] [1,1] [1,1] [1,1] [1,1] [1,1] [1,1] [1,1] [1,1] [1,1] [1,1] [1,1] [1,1] [1,1] [1,1] [1,1] [1,1] [1,1] [1,1] [1,1] [1,1] [1,1] [1,1] [1,1] [1,1] [1,1] [1,1] [1,1] [1,1] [1,1] [1,1] [1,1] [1,1] [1,1] [1,1] [1,1] [1,1] [1,1] [1,1] [1,1] [1,1] [1,1] [1,1] [1,1] [1,1] [1,1] [1,1] [1,1] [1,1] [1,1] [1,1] [1,1] [1,1] [1,1] [1,1] [1,1] [1,1] [1,1] [1,1]
[1,1] [1,1] [1,1] [1,1] [1,1] [1,1] [1,1] [1,1] [1,1] [1,1] [1,1] [1,1] [1,1] [1,1] [1,1] [1,1] [1,1] [1,1] [1,1] [1,1] [1,1] [1,1] [1,1] [1,1] [1,1] [1,1] [1,1] [1,1] [1,1] [1,1] [1,1] [1,1] [1,1] [1,1] [1,1] [1,1] [1,1] [1,1] [1,1] [1,1] [1,1] [1,1] [1,1] [1,1] [1,1] [1,1] [1,1] [1,1] [1,1] [1,1] [1,1] [1,1] [1,1] [1,1] [1,1] [1,1] [1,1] [1,1] [1,1] [1,1] [1,1] [1,1] [1,1] [1,1] [1,1] [1,1] [1,1] [1,1] [1,1] [1,1] [1,1] [1,1] [1,1] [1,1] [1,1] [1,1] [1,1] [1,1] [1,1] [1,1] [1,1] [1,1] [1,1] [1,1] [1,1] [1,1] [1,1] [1,1] [1,1] [1,1] [1,1] [1,1] [1,1] [1,1] [1,1] [1,1] [1,1] [1,1] [1,1] [1,1]
[1,1] [1,1] [1,1] [1,1] [1,1] [1,1] [1,1] [1,1] [1,1] [1,1] [1,1] [1,1] [1,1] [1,1] [1,1] [1,1] [1,1] [1,1] [1,1] [1,1] [1,1] [1,1] [1,1] [1,1] [1,1] [1,1] [1,1] [1,1] [1,1] [1,1] [1,1] [1,1] [1,1] [1,1] [1,1] [1,1] [1,1] [1,1] [1,1] [1,1] [1,1] [1,1] [1,1] [1,1] [1,1] [1,1] [1,1] [1,1] [1,1] [1,1] [1,1] [1,1] [1,1] [1,1] [1,1] [1,1] [1,1] [1,1] [1,1] [1,1] [1,1] [1,1] [1,1] [1,1] [1,1] [1,1] [1,1] [1,1] [1,1] [1,1] [1,1] [1,1] [1,1] [1,1] [1,1] [1,1] [1,1] [1,1] [1,1] [1,1] [1,1] [1,1] [1,1] [1,1] [1,1] [1,1] [1,1] [1,1] [1,1] [1,1] [1,1] [1,1] [1,1] [1,1] [1,1] [1,1] [1,1] [1,1] [1,1] [1,1]
[1,1] [1,1] [1,1] [1,1] [1,1] [1,1] [1,1] [1,1] [1,1] [1,1] [1,1] [1,1] [1,1] [1,1] [1,1] [1,1] [1,1] [1,1] [1,1] [1,1] [1,1] [1,1] [1,1] [1,1] [1,1] [1,1] [1,1] [1,1] [1,1] [1,1] [1,1] [1,1] [1,1] [1,1] [1,1] [1,1] [1,1] [1,1] [1,1] [1,1] [1,1] [1,1] [1,1] [1,1] [1,1] [1,1] [1,1] [1,1] [1,1] [1,1] [1,1] [1,1] [1,1] [1,1] [1,1] [1,1] [1,1] [1,1] [1,1] [1,1] [1,1] [1,1] [1,1] [1,1] [1,1] [1,1] [1,1] [1,1] [1,1] [1,1] [1,1] [1,1] [1,1] [1,1] [1,1] [1,1] [1,1] [1,1] [1,1] [1,1] [1,1] [1,1] [1,1] [1,1] [1,1] [1,1] [1,1] [1,1] [1,1] [1,1] [1,1] [1,1] [1,1] [1,1] [1,1] [1,1] [1,1] [1,1] [1,1] [1,1]
[1,1] [1,1] [1,1] [1,1] [1,1] [1,1] [1,1] [1,1] [1,1] [1,1] [1,1] [1,1] [1,1] [1,1] [1,1] [1,1] [1,1] [1,1] [1,1] [1,1] [1,1] [1,1] [1,1] [1,1] [1,1] [1,1] [1,1] [1,1] [1,1] [1,1] [1,1] [1,1] [1,1] [1,1] [1,1] [1,1] [1,1] [1,1] [1,1] [1,1] [1,1] [1,1] [1,1] [1,1] [1,1] [1,1] [1,1] [1,1] [1,1] [1,1] [1,1] [1,1] [1,1] [1,1] [1,1] [1,1] [1,1] [1,1] [1,1] [1,1] [1,1] [1,1] [1,1] [1,1] [1,1] [1,1] [1,1] [1,1] [1,1] [1,1] [1,1] [1,1] [1,1] [1,1] [1,1] [1,1] [1,1] [1,1] [1,1] [1,1] [1,1] [1,1] [1,1] [1,1] [1,1] [1,1] [1,1] [1,1] [1,1] [1,1] [1,1] [1,1] [1,1] [1,1] [1,1] [1,1] [1,1] [1,1] [1,1] [1,1]
[1,1] [1,1] [1,1] [1,1] [1,1] [1,1] [1,1] [1,1] [1,1] [1,1] [1,1] [1,1] [1,1] [1,1] [1,1] [1,1] [1,1] [1,1] [1,1] [1,1] [1,1] [1,1] [1,1] [1,1] [1,1] [1,1] [1,1] [1,1] [1,1] [1,1] [1,1] [1,1] [1,1] [1,1] [1,1] [1,1] [1,1] [1,1] [1,1] [1,1] [1,1] [1,1] [1,1] [1,1] [1,1] [1,1] [1,1] [1,1] [1,1] [1,1] [1,1] [1,1] [1,1] [1,1] [1,1] [1,1] [1,1] [1,1] [1,1] [1,1] [1,1] [1,1] [1,1] [1,1] [1,1] [1,1] [1,1] [1,1] [1,1] [1,1] [1,1] [1,1] [1,1] [1,1] [1,1] [1,1] [1,1] [1,1] [1,1] [1,1] [1,1] [1,1] [1,1] [1,1] [1,1] [1,1] [1,1] [1,1] [1,1] [1,1] [1,1] [1,1] [1,1] [1,1] [1,1] [1,1] [1,1] [1,1] [1,1] [1,1]
[1,1] [1,1] [1,1] [1,1] [1,1] [1,1] [1,1] [1,1] [1,1] [1,1] [1,1] [1,1] [1,1] [1,1] [1,1] [1,1] [1,1] [1,1] [1,1] [1,1] [1,1] [1,1] [1,1] [1,1] [1,1] [1,1] [1,1] [1,1] [1,1] [1,1] [1,1] [1,1] [1,1] [1,1] [1,1] [1,1] [1,1] [1,1] [1,1] [1,1] [1,1] [1,1] [1,1] [1,1] [1,1] [1,1] [1,1] [1,1] [1,1] [1,1] [1,1] [1,1] [1,1] [1,1] [1,1] [1,1] [1,1] [1,1] [1,1] [1,1] [1,1] [1,1] [1,1] [1,1] [1,1] [1,1] [1,1] [1,1] [1,1] [1,1] [1,1] [1,1] [1,1] [1,1] [1,1] [1,1] [1,1] [1,1] [1,1] [1,1] [1,1] [1,1] [1,1] [1,1] [1,1] [1,1] [1,1] [1,1] [1,1] [1,1] [1,1] [1,1] [1,1] [1,1] [1,1] [1,1] [1,1] [1,1] [1,1] [1,1]
[1,1] [1,1] [1,1] [1,1] [1,1] [1,1] [1,1] [1,1] [1,1] [1,1] [1,1] [1,1] [1,1] [1,1] [1,1] [1,1] [1,1] [1,1] [1,1] [1,1] [1,1] [1,1] [1,1] [1,1] [1,1] [1,1] [1,1] [1,1] [1,1] [1,1] [1,1] [1,1] [1,1] [1,1] [1,1] [1,1] [1,1] [1,1] [1,1] [1,1] [1,1] [1,1] [1,1] [1,1] [1,1] [1,1] [1,1] [1,1] [1,1] [1,1] [1,1] [1,1] [1,1] [1,1] [1,1] [1,1] [1,1] [1,1] [1,1] [1,1] [1,1] [1,1] [1,1] [1,1] [1,1] [1,1] [1,1] [1,1] [1,1] [1,1] [1,1] [1,1] [1,1] [1,1] [1,1] [1,1] [1,1] [1,1] [1,1] [1,1] [1,1] [1,1] [1,1] [1,1] [1,1] [1,1] [1,1] [1,1] [1,1] [1,1] [1,1] [1,1] [1,1] [1,1] [1,1] [1,1] [1,1] [1,1] [1,1] [1,1]
[1,1] [1,1] [1,1] [1,1] [1,1] [1,1] [1,1] [1,1] [1,1] [1,1] [1,1] [1,1] [1,1] [1,1] [1,1] [1,1] [1,1] [1,1] [1,1] [1,1] [1,1] [1,1] [1,1] [1,1] [1,1] [1,1] [1,1] [1,1] [1,1] [1,1] [1,1] [1,1] [1,1] [1,1] [1,1] [1,1] [1,1] [1,1] [1,1] [1,1] [1,1] [1,1] [1,1] [1,1] [1,1] [1,1] [1,1] [1,1] [1,1] [1,1] [1,1] [1,1] [1,1] [1,1] [1,1] [1,1] [1,1] [1,1] [1,1] [1,1] [1,1] [1,1] [1,1] [1,1] [1,1] [1,1] [1,1] [1,1] [1,1] [1,1] [1,1] [1,1] [1,1] [1,1] [1,1] [1,1] [1,1] [1,1] [1,1] [1,1] [1,1] [1,1] [1,1] [1,1] [1,1] [1,1] [1,1] [1,1] [1,1] [1,1] [1,1] [1,1] [1,1] [1,1] [1,1] [1,1] [1,1] [1,1] [1,1] [1,1]
[1,1] [1,1] [1,1] [1,1] [1,1] [1,1] [1,1] [1,1] [1,1] [1,1] [1,1] [1,1] [1,1] [1,1] [1,1] [1,1] [1,1] [1,1] [1,1] [1,1] [1,1] [1,1] [1,1] [1,1] [1,1] [1,1] [1,1] [1,1] [1,1] [1,1] [1,1] [1,1] [1,1] [1,1] [1,1] [1,1] [1,1] [1,1] [1,1] [1,1] [1,1] [1,1] [1,1] [1,1] [1,1] [1,1] [1,1] [1,1] [1,1] [1,1] [1,1] [1,1] [1,1] [1,1] [1,1] [1,1] [1,1] [1,1] [1,1] [1,1] [1,1] [1,1] [1,1] [1,1] [1,1] [1,1] [1,1] [1,1] [1,1] [1,1] [1,1] [1,1] [1,1] [1,1] [1,1] [1,1] [1,1] [1,1] [1,1] [1,1] [1,1] [1,1] [1,1] [1,1] [1,1] [1,1] [1,1] [1,1] [1,1] [1,1] [1,1] [1,1] [1,1] [1,1] [1,1] [1,1] [1,1] [1,1] [1,1] [1,1]
[1,1] [1,1] [1,1] [1,1] [1,1] [1,1] [1,1] [1,1] [1,1] [1,1] [1,1] [1,1] [1,1] [1,1] [1,1] [1,1] [1,1] [1,1] [1,1] [1,1] [1,1] [1,1] [1,1] [1,1] [1,1] [1,1] [1,1] [1,1] [1,1] [1,1] [1,1] [1,1] [1,1] [1,1] [1,1] [1,1] [1,1] [1,1] [1,1] [1,1] [1,1] [1,1] [1,1] [1,1] [1,1] [1,1] [1,1] [1,1] [1,1] [1,1] [1,1] [1,1] [1,1] [1,1] [1,1] [1,1] [1,1] [1,1] [1,1] [1,1] [1,1] [1,1] [1,1] [1,1] [1,1] [1,1] [1,1] [1,1] [1,1] [1,1] [1,1] [1,1] [1,1] [1,1] [1,1] [1,1] [1,1] [1,1] [1,1] [1,1] [1,1] [1,1] [1,1] [1,1] [1,1] [1,1] [1,1] [1,1] [1,1] [1,1] [1,1] [1,1] [1,1] [1,1] [1,1] [1,1] [1,1] [1,1] [1,1] [1,1]
[1,1] [1,1] [1,1] [1,1] [1,1] [1,1] [1,1] [1,1] [1,1] [1,1] [1,1] [1,1] [1,1] [1,1] [1,1] [1,1] [1,1] [1,1] [1,1] [1,1] [1,1] [1,1] [1,1] [1,1] [1,1] [1,1] [1,1] [1,1] [1,1] [1,1] [1,1] [1,1] [1,1] [1,1] [1,1] [1,1] [1,1] [1,1] [1,1] [1,1] [1,1] [1,1] [1,1] [1,1] [1,1] [1,1] [1,1] [1,1] [1,1] [1,1] [1,1] [1,1] [1,1] [1,1] [1,1] [1,1] [1,1] [1,1] [1,1] [1,1] [1,1] [1,1] [1,1] [1,1] [1,1] [1,1] [1,1] [1,1] [1,1] [1,1] [1,1] [1,1] [1,1] [1,1] [1,1] [1,1] [1,1] [1,1] [1,1] [1,1] [1,1] [1,1] [1,1] [1,1] [1,1] [1,1] [1,1] [1,1] [1,1] [1,1] [1,1] [1,1] [1,1] [1,1] [1,1] [1,1] [1,1] [1,1] [1,1] [1,1]
[1,1] [1,1] [1,1] [1,1] [1,1] [1,1] [1,1] [1,1] [1,1] [1,1] [1,1] [1,1] [1,1] [1,1] [1,1] [1,1] [1,1] [1,1] [1,1] [1,1] [1,1] [1,1] [1,1] [1,1] [1,1] [1,1] [1,1] [1,1] [1,1] [1,1] [1,1] [1,1] [1,1] [1,1] [1,1] [1,1] [1,1] [1,1] [1,1] [1,1] [1,1] [1,1] [1,1] [1,1] [1,1] [1,1] [1,1] [1,1] [1,1] [1,1] [1,1] [1,1] [1,1] [1,1] [1,1] [1,1] [1,1] [1,1] [1,1] [1,1] [1,1] [1,1] [1,1] [1,1] [1,1] [1,1] [1,1] [1,1] [1,1] [1,1] [1,1] [1,1] [1,1] [1,1] [1,1] [1,1] [1,1] [1,1] [1,1] [1,1] [1,1] [1,1] [1,1] [1,1] [1,1] [1,1] [1,1] [1,1] [1,1] [1,1] [1,1] [1,1] [1,1] [1,1] [1,1] [1,1] [1,1] [1,1] [1,1] [1,1]
[1,1] [1,1] [1,1] [1,1] [1,1] [1,1] [1,1] [1,1] [1,1] [1,1] [1,1] [1,1] [1,1] [1,1] [1,1] [1,1] [1,1] [1,1] [1,1] [1,1] [1,1] [1,1] [1,1] [1,1] [1,1] [1,1] [1,1] [1,1] [1,1] [1,1] [1,1] [1,1] [1,1] [1,1] [1,1] [1,1] [1,1] [1,1] [1,1] [1,1] [1,1] [1,1] [1,1] [1,1] [1,1] [1,1] [1,1] [1,1] [1,1] [1,1] [1,1] [1,1] [1,1] [1,1] [1,1] [1,1] [1,1] [1,1] [1,1] [1,1] [1,1] [1,1] [1,1] [1,1] [1,1] [1,1] [1,1] [1,1] [1,1] [1,1] [1,1] [1,1] [1,1] [1,1] [1,1] [1,1] [1,1] [1,1] [1,1] [1,1] [1,1] [1,1] [1,1] [1,1] [1,1] [1,1] [1,1] [1,1] [1,1] [1,1] [1,1] [1,1] [1,1] [1,1] [1,1] [1,1] [1,1] [1,1] [1,1] [1,1]
[1,1] [1,1] [1,1] [1,1] [1,1] [1,1] [1,1] [1,1] [1,1] [1,1] [1,1] [1,1] [1,1] [1,1] [1,1] [1,1] [1,1] [1,1] [1,1] [1,1] [1,1] [1,1] [1,1] [1,1] [1,1] [1,1] [1,1] [1,1] [1,1] [1,1] [1,1] [1,1] [1,1] [1,1] [1,1] [1,1] [1,1] [1,1] [1,1] [1,1] [1,1] [1,1] [1,1] [1,1] [1,1] [1,1] [1,1] [1,1] [1,1] [1,1] [1,1] [1,1] [1,1] [1,1] [1,1] [1,1] [1,1] [1,1] [1,1] [1,1] [1,1] [1,1] [1,1] [1,1] [1,1] [1,1] [1,1] [1,1] [1,1] [1,1] [1,1] [1,1] [1,1] [1,1] [1,1] [1,1] [1,1] [1,1] [1,1] [1,1] [1,1] [1,1] [1,1] [1,1] [1,1] [1,1] [1,1] [1,1] [1,1] [1,1] [1,1] [1,1] [1,1] [1,1] [1,1] [1,1] [1,1] [1,1] [1,1] [1,1]
[1,1] [1,1] [1,1] [1,1] [1,1] [1,1] [1,1] [1,1] [1,1] [1,1] [1,1] [1,1] [1,1] [1,1] [1,1] [1,1] [1,1] [1,1] [1,1] [1,1] [1,1] [1,1] [1,1] [1,1] [1,1] [1,1] [1,1] [1,1] [1,1] [1,1] [1,1] [1,1] [1,1] [1,1] [1,1] [1,1] [1,1] [1,1] [1,1] [1,1] [1,1] [1,1] [1,1] [1,1] [1,1] [1,1] [1,1] [1,1] [1,1] [1,1] [1,1] [1,1] [1,1] [1,1] [1,1] [1,1] [1,1] [1,1] [1,1] [1,1] [1,1] [1,1] [1,1] [1,1] [1,1] [1,1] [1,1] [1,1] [1,1] [1,1] [1,1] [1,1] [1,1] [1,1] [1,1] [1,1] [1,1] [1,1] [1,1] [1,1] [1,1] [1,1] [1,1] [1,1] [1,1] [1,1] [1,1] [1,1] [1,1] [1,1] [1,1] [1,1] [1,1] [1,1] [1,1] [1,1] [1,1] [1,1] [1,1] [1,1]
[1,1] [1,1] [1,1] [1,1] [1,1] [1,1] [1,1] [1,1] [1,1] [1,1] [1,1] [1,1] [1,1] [1,1] [1,1] [1,1] [1,1] [1,1] [1,1] [1,1] [1,1] [1,1] [1,1] [1,1] [1,1] [1,1] [1,1] [1,1] [1,1] [1,1] [1,1] [1,1] [1,1] [1,1] [1,1] [1,1] [1,1] [1,1] [1,1] [1,1] [1,1] [1,1] [1,1] [1,1] [1,1] [1,1] [1,1] [1,1] [1,1] [1,1] [1,1] [1,1] [1,1] [1,1] [1,1] [1,1] [1,1] [1,1] [1,1] [1,1] [1,1] [1,1] [1,1] [1,1] [1,1] [1,1] [1,1] [1,1] [1,1] [1,1] [1,1] [1,1] [1,1] [1,1] [1,1] [1,1] [1,1] [1,1] [1,1] [1,1] [1,1] [1,1] [1,1] [1,1] [1,1] [1,1] [1,1] [1,1] [1,1] [1,1] [1,1] [1,1] [1,1] [1,1] [1,1] [1,1] [1,1] [1,1] [1,1] [1,1]
[1,1] [1,1] [1,1] [1,1] [1,1] [1,1] [1,1] [1,1] [1,1] [1,1] [1,1] [1,1] [1,1] [1,1] [1,1] [1,1] [1,1] [1,1] [1,1] [1,1] [1,1] [1,1] [1,1] [1,1] [1,1] [1,1] [1,1] [1,1] [1,1] [1,1] [1,1] [1,1] [1,1] [1,1] [1,1] [1,1] [1,1] [1,1] [1,1] [1,1] [1,1] [1,1] [1,1] [1,1] [1,1] [1,1] [1,1] [1,1] [1,1] [1,1] [1,1] [1,1] [1,1] [1,1] [1,1] [1,1] [1,1] [1,1] [1,1] [1,1] [1,1] [1,1] [1,1] [1,1] [1,1] [1,1] [1,1] [1,1] [1,1] [1,1] [1,1] [1,1] [1,1] [1,1] [1,1] [1,1] [1,1] [1,1] [1,1] [1,1] [1,1] [1,1] [1,1] [1,1] [1,1] [1,1] [1,1] [1,1] [1,1] [1,1] [1,1] [1,1] [1,1] [1,1] [1,1] [1,1] [1,1] [1,1] [1,1] [1,1]
[1,1] [1,1] [1,1] [1,1] [1,1] [1,1] [1,1] [1,1] [1,1] [1,1] [1,1] [1,1] [1,1] [1,1] [1,1] [1,1] [1,1] [1,1] [1,1] [1,1] [1,1] [1,1] [1,1] [1,1] [1,1] [1,1] [1,1] [1,1] [1,1] [1,1] [1,1] [1,1] [1,1] [1,1] [1,1] [1,1] [1,1] [1,1] [1,1] [1,1] [1,1] [1,1] [1,1] [1,1] [1,1] [1,1] [1,1] [1,1] [1,1] [1,1] [1,1] [1,1] [1,1] [1,1] [1,1] [1,1] [1,1] [1,1] [1,1] [1,1] [1,1] [1,1] [1,1] [1,1] [1,1] [1,1] [1,1] [1,1] [1,1] [1,1] [1,1] [1,1] [1,1] [1,1] [1,1] [1,1] [1,1] [1,1] [1,1] [1,1] [1,1] [1,1] [1,1] [1,1] [1,1] [1,1] [1,1] [1,1] [1,1] [1,1] [1,1] [1,1] [1,1] [1,1] [1,1] [1,1] [1,1] [1,1] [1,1] [1,1]
[1,1] [1,1] [1,1] [1,1] [1,1] [1,1] [1,1] [1,1] [1,1] [1,1] [1,1] [1,1] [1,1] [1,1] [1,1] [1,1] [1,1] [1,1] [1,1] [1,1] [1,1] [1,1] [1,1] [1,1] [1,1] [1,1] [1,1] [1,1] [1,1] [1,1] [1,1] [1,1] [1,1] [1,1] [1,1] [1,1] [1,1] [1,1] [1,1] [1,1] [1,1] [1,1] [1,1] [1,1] [1,1] [1,1] [1,1] [1,1] [1,1] [1,1] [1,1] [1,1] [1,1] [1,1] [1,1] [1,1] [1,1] [1,1] [1,1] [1,1] [1,1] [1,1] [1,1] [1,1] [1,1] [1,1] [1,1] [1,1] [1,1] [1,1] [1,1] [1,1] [1,1] [1,1] [1,1] [1,1] [1,1] [1,1] [1,1] [1,1] [1,1] [1,1] [1,1] [1,1] [1,1] [1,1] [1,1] [1,1] [1,1] [1,1] [1,1] [1,1] [1,1] [1,1] [1,1] [1,1] [1,1] [1,1] [1,1] [1,1]
[1,1] [1,1] [1,1] [1,1] [1,1] [1,1] [1,1] [1,1] [1,1] [1,1] [1,1] [1,1] [1,1] [1,1] [1,1] [1,1] [1,1] [1,1] [1,1] [1,1] [1,1] [1,1] [1,1] [1,1] [1,1] [1,1] [1,1] [1,1] [1,1] [1,1] [1,1] [1,1] [1,1] [1,1] [1,1] [1,1] [1,1] [1,1] [1,1] [1,1] [1,1] [1,1] [1,1] [1,1] [1,1] [1,1] [1,1] [1,1] [1,1] [1,1] [1,1] [1,1] [1,1] [1,1] [1,1] [1,1] [1,1] [1,1] [1,1] [1,1] [1,1] [1,1] [1,1] [1,1] [1,1] [1,1] [1,1] [1,1] [1,1] [1,1] [1,1] [1,1] [1,1] [1,1] [1,1] [1,1] [1,1] [1,1] [1,1] [1,1] [1,1] [1,1] [1,1] [1,1] [1,1] [1,1] [1,1] [1,1] [1,1] [1,1] [1,1] [1,1] [1,1] [1,1] [1,1] [1,1] [1,1] [1,1] [1,1] [1,1]
[1,1] [1,1] [1,1] [1,1] [1,1] [1,1] [1,1] [1,1] [1,1] [1,1] [1,1] [1,1] [1,1] [1,1] [1,1] [1,1] [1,1] [1,1] [1,1] [1,1] [1,1] [1,1] [1,1] [1,1] [1,1] [1,1] [1,1] [1,1] [1,1] [1,1] [1,1] [1,1] [1,1] [1,1] [1,1] [1,1] [1,1] [1,1] [1,1] [1,1] [1,1] [1,1] [1,1] [1,1] [1,1] [1,1] [1,1] [1,1] [1,1] [1,1] [1,1] [1,1] [1,1] [1,1] [1,1] [1,1] [1,1] [1,1] [1,1] [1,1] [1,1] [1,1] [1,1] [1,1] [1,1] [1,1] [1,1] [1,1] [1,1] [1,1] [1,1] [1,1] [1,1] [1,1] [1,1] [1,1] [1,1] [1,1] [1,1] [1,1] [1,1] [1,1] [1,1] [1,1] [1,1] [1,1] [1,1] [1,1] [1,1] [1,1] [1,1] [1,1] [1,1] [1,1] [1,1] [1,1] [1,1] [1,1] [1,1] [1,1]
[1,1] [1,1] [1,1] [1,1] [1,1] [1,1] [1,1] [1,1] [1,1] [1,1] [1,1] [1,1] [1,1] [1,1] [1,1] [1,1] [1,1] [1,1] [1,1] [1,1] [1,1] [1,1] [1,1] [1,1] [1,1] [1,1] [1,1] [1,1] [1,1] [1,1] [1,1] [1,1] [1,1] [1,1] [1,1] [1,1] [1,1] [1,1] [1,1] [1,1] [1,1] [1,1] [1,1] [1,1] [1,1] [1,1] [1,1] [1,1] [1,1] [1,1] [1,1] [1,1] [1,1] [1,1] [1,1] [1,1] [1,1] [1,1] [1,1] [1,1] [1,1] [1,1] [1,1] [1,1] [1,1] [1,1] [1,1] [1,1] [1,1] [1,1] [1,1] [1,1] [1,1] [1,1] [1,1] [1,1] [1,1] [1,1] [1,1] [1,1] [1,1] [1,1] [1,1] [1,1] [1,1] [1,1] [1,1] [1,1] [1,1] [1,1] [1,1] [1,1] [1,1] [1,1] [1,1] [1,1] [1,1] [1,1] [1,1] [1,1]
[1,1] [1,1] [1,1] [1,1] [1,1] [1,1] [1,1] [1,1] [1,1] [1,1] [1,1] [1,1] [1,1] [1,1] [1,1] [1,1] [1,1] [1,1] [1,1] [1,1] [1,1] [1,1] [1,1] [1,1] [1,1] [1,1] [1,1] [1,1] [1,1] [1,1] [1,1] [1,1] [1,1] [1,1] [1,1] [1,1] [1,1] [1,1] [1,1] [1,1] [1,1] [1,1] [1,1] [1,1] [1,1] [1,1] [1,1] [1,1] [1,1] [1,1] [1,1] [1,1] [1,1] [1,1] [1,1] [1,1] [1,1] [1,1] [1,1] [1,1] [1,1] [1,1] [1,1] [1,1] [1,1] [1,1] [1,1] [1,1] [1,1] [1,1] [1,1] [1,1] [1,1] [1,1] [1,1] [1,1] [1,1] [1,1] [1,1] [1,1] [1,1] [1,1] [1,1] [1,1] [1,1] [1,1] [1,1] [1,1] [1,1] [1,1] [1,1] [1,1] [1,1] [1,1] [1,1] [1,1] [1,1] [1,1] [1,1] [1,1]
[1,1] [1,1] [1,1] [1,1] [1,1] [1,1] [1,1] [1,1] [1,1] [1,1] [1,1] [1,1] [1,1] [1,1] [1,1] [1,1] [1,1] [1,1] [1,1] [1,1] [1,1] [1,1] [1,1] [1,1] [1,1] [1,1] [1,1] [1,1] [1,1] [1,1] [1,1] [1,1] [1,1] [1,1] [1,1] [1,1] [1,1] [1,1] [1,1] [1,1] [1,1] [1,1] [1,1] [1,1] [1,1] [1,1] [1,1] [1,1] [1,1] [1,1] [1,1] [1,1] [1,1] [1,1] [1,1] [1,1] [1,1] [1,1] [1,1] [1,1] [1,1] [1,1] [1,1] [1,1] [1,1] [1,1] [1,1] [1,1] [1,1] [1,1] [1,1] [1,1] [1,1] [1,1] [1,1] [1,1] [1,1] [1,1] [1,1] [1,1] [1,1] [1,1] [1,1] [1,1] [1,1] [1,1] [1,1] [1,1] [1,1] [1,1] [1,1] [1,1] [1,1] [1,1] [1,1] [1,1] [1,1] [1,1] [1,1] [1,1]
[1,1] [1,1] [1,1] [1,1] [1,1] [1,1] [1,1] [1,1] [1,1] [1,1] [1,1] [1,1] [1,1] [1,1] [1,1] [1,1] [1,1] [1,1] [1,1] [1,1] [1,1] [1,1] [1,1] [1,1] [1,1] [1,1] [1,1] [1,1] [1,1] [1,1] [1,1] [1,1] [1,1] [1,1] [1,1] [1,1] [1,1] [1,1] [1,1] [1,1] [1,1] [1,1] [1,1] [1,1] [1,1] [1,1] [1,1] [1,1] [1,1] [1,1] [1,1] [1,1] [1,1] [1,1] [1,1] [1,1] [1,1] [1,1] [1,1] [1,1] [1,1] [1,1] [1,1] [1,1] [1,1] [1,1] [1,1] [1,1] [1,1] [1,1] [1,1] [1,1] [1,1] [1,1] [1,1] [1,1] [1,1] [1,1] [1,1] [1,1] [1,1] [1,1] [1,1] [1,1] [1,1] [1,1] [1,1] [1,1] [1,1] [1,1] [1,1] [1,1] [1,1] [1,1] [1,1] [1,1] [1,1] [1,1] [1,1] [1,1]
[1,1] [1,1] [1,1] [1,1] [1,1] [1,1] [1,1] [1,1] [1,1] [1,1] [1,1] [1,1] [1,1] [1,1] [1,1] [1,1] [1,1] [1,1] [1,1] [1,1] [1,1] [1,1] [1,1] [1,1] [1,1] [1,1] [1,1] [1,1] [1,1] [1,1] [1,1] [1,1] [1,1] [1,1] [1,1] [1,1] [1,1] [1,1] [1,1] [1,1] [1,1] [1,1] [1,1] [1,1] [1,1] [1,1] [1,1] [1,1] [1,1] [1,1] [1,1] [1,1] [1,1] [1,1] [1,1] [1,1] [1,1] [1,1] [1,1] [1,1] [1,1] [1,1] [1,1] [1,1] [1,1] [1,1] [1,1] [1,1] [1,1] [1,1] [1,1] [1,1] [1,1] [1,1] [1,1] [1,1] [1,1] [1,1] [1,1] [1,1] [1,1] [1,1] [1,1] [1,1] [1,1] [1,1] [1,1] [1,1] [1,1] [1,1] [1,1] [1,1] [1,1] [1,1] [1,1] [1,1] [1,1] [1,1] [1,1] [1,1]
[1,1] [1,1] [1,1] [1,1] [1,1] [1,1] [1,1] [1,1] [1,1] [1,1] [1,1] [1,1] [1,1] [1,1] [1,1] [1,1] [1,1] [1,1] [1,1] [1,1] [1,1] [1,1] [1,1] [1,1] [1,1] [1,1] [1,1] [1,1] [1,1] [1,1] [1,1] [1,1] [1,1] [1,1] [1,1] [1,1] [1,1] [1,1] [1,1] [1,1] [1,1] [1,1] [1,1] [1,1] [1,1] [1,1] [1,1] [1,1] [1,1] [1,1] [1,1] [1,1] [1,1] [1,1] [1,1] [1,1] [1,1] [1,1] [1,1] [1,1] [1,1] [1,1] [1,1] [1,1] [1,1] [1,1] [1,1] [1,1] [1,1] [1,1] [1,1] [1,1] [1,1] [1,1] [1,1] [1,1] [1,1] [1,1] [1,1] [1,1] [1,1] [1,1] [1,1] [1,1] [1,1] [1,1] [1,1] [1,1] [1,1] [1,1] [1,1] [1,1] [1,1] [1,1] [1,1] [1,1] [1,1] [1,1] [1,1] [1,1]
[1,1] [1,1] [1,1] [1,1] [1,1] [1,1] [1,1] [1,1] [1,1] [1,1] [1,1] [1,1] [1,1] [1,1] [1,1] [1,1] [1,1] [1,1] [1,1] [1,1] [1,1] [1,1] [1,1] [1,1] [1,1] [1,1] [1,1] [1,1] [1,1] [1,1] [1,1] [1,1] [1,1] [1,1] [1,1] [1,1] [1,1] [1,1] [1,1] [1,1] [1,1] [1,1] [1,1] [1,1] [1,1] [1,1] [1,1] [1,1] [1,1] [1,1] [1,1] [1,1] [1,1] [1,1] [1,1] [1,1] [1,1] [1,1] [1,1] [1,1] [1,1] [1,1] [1,1] [1,1] [1,1] [1,1] [1,1] [1,1] [1,1] [1,1] [1,1] [1,1] [1,1] [1,1] [1,1] [1,1] [1,1] [1,1] [1,1] [1,1] [1,1] [1,1] [1,1] [1,1] [1,1] [1,1] [1,1] [1,1] [1,1] [1,1] [1,1] [1,1] [1,1] [1,1] [1,1] [1,1] [1,1] [1,1] [1,1] [1,1]
[1,1] [1,1] [1,1] [1,1] [1,1] [1,1] [1,1] [1,1] [1,1] [1,1] [1,1] [1,1] [1,1] [1,1] [1,1] [1,1] [1,1] [1,1] [1,1] [1,1] [1,1] [1,1] [1,1] [1,1] [1,1] [1,1] [1,1] [1,1] [1,1] [1,1] [1,1] [1,1] [1,1] [1,1] [1,1] [1,1] [1,1] [1,1] [1,1] [1,1] [1,1] [1,1] [1,1] [1,1] [1,1] [1,1] [1,1] [1,1] [1,1] [1,1] [1,1] [1,1] [1,1] [1,1] [1,1] [1,1] [1,1] [1,1] [1,1] [1,1] [1,1] [1,1] [1,1] [1,1] [1,1] [1,1] [1,1] [1,1] [1,1] [1,1] [1,1] [1,1] [1,1] [1,1] [1,1] [1,1] [1,1] [1,1] [1,1] [1,1] [1,1] [1,1] [1,1] [1,1] [1,1] [1,1] [1,1] [1,1] [1,1] [1,1] [1,1] [1,1] [1,1] [1,1] [1,1] [1,1] [1,1] [1,1] [1,1] [1,1]
[1,1] [1,1] [1,1] [1,1] [1,1] [1,1] [1,1] [1,1] [1,1] [1,1] [1,1] [1,1] [1,1] [1,1] [1,1] [1,1] [1,1] [1,1] [1,1] [1,1] [1,1] [1,1] [1,1] [1,1] [1,1] [1,1] [1,1] [1,1] [1,1] [1,1] [1,1] [1,1] [1,1] [1,1] [1,1] [1,1] [1,1] [1,1] [1,1] [1,1] [1,1] [1,1] [1,1] [1,1] [1,1] [1,1] [1,1] [1,1] [1,1] [1,1] [1,1] [1,1] [1,1] [1,1] [1,1] [1,1] [1,1] [1,1] [1,1] [1,1] [1,1] [1,1] [1,1] [1,1] [1,1] [1,1] [1,1] [1,1] [1,1] [1,1] [1,1] [1,1] [1,1] [1,1] [1,1] [1,1] [1,1] [1,1] [1,1] [1,1] [1,1] [1,1] [1,1] [1,1] [1,1] [1,1] [1,1] [1,1] [1,1] [1,1] [1,1] [1,1] [1,1] [1,1] [1,1] [1,1] [1,1] [1,1] [1,1] [1,1]
[1,1] [1,1] [1,1] [1,1] [1,1] [1,1] [1,1] [1,1] [1,1] [1,1] [1,1] [1,1] [1,1] [1,1] [1,1] [1,1] [1,1] [1,1] [1,1] [1,1] [1,1] [1,1] [1,1] [1,1] [1,1] [1,1] [1,1] [1,1] [1,1] [1,1] [1,1] [1,1] [1,1] [1,1] [1,1] [1,1] [1,1] [1,1] [1,1] [1,1] [1,1] [1,1] [1,1] [1,1] [1,1] [1,1] [1,1] [1,1] [1,1] [1,1] [1,1] [1,1] [1,1] [1,1] [1,1] [1,1] [1,1] [1,1] [1,1] [1,1] [1,1] [1,1] [1,1] [1,1] [1,1] [1,1] [1,1] [1,1] [1,1] [1,1] [1,1] [1,1] [1,1] [1,1] [1,1] [1,1] [1,1] [1,1] [1,1] [1,1] [1,1] [1,1] [1,1] [1,1] [1,1] [1,1] [1,1] [1,1] [1,1] [1,1] [1,1] [1,1] [1,1] [1,1] [1,1] [1,1] [1,1] [1,1] [1,1] [1,1]
[1,1] [1,1] [1,1] [1,1] [1,1] [1,1] [1,1] [1,1] [1,1] [1,1] [1,1] [1,1] [1,1] [1,1] [1,1] [1,1] [1,1] [1,1] [1,1] [1,1] [1,1] [1,1] [1,1] [1,1] [1,1] [1,1] [1,1] [1,1] [1,1] [1,1] [1,1] [1,1] [1,1] [1,1] [1,1] [1,1] [1,1] [1,1] [1,1] [1,1] [1,1] [1,1] [1,1] [1,1] [1,1] [1,1] [1,1] [1,1] [1,1] [1,1] [1,1] [1,1] [1,1] [1,1] [1,1] [1,1] [1,1] [1,1] [1,1] [1,1] [1,1] [1,1] [1,1] [1,1] [1,1] [1,1] [1,1] [1,1] [1,1] [1,1] [1,1] [1,1] [1,1] [1,1] [1,1] [1,1] [1,1] [1,1] [1,1] [1,1] [1,1] [1,1] [1,1] [1,1] [1,1] [1,1] [1,1] [1,1] [1,1] [1,1] [1,1] [1,1] [1,1] [1,1] [1,1] [1,1] [1,1] [1,1] [1,1] [1,1]
[1,1] [1,1] [1,1] [1,1] [1,1] [1,1] [1,1] [1,1] [1,1] [1,1] [1,1] [1,1] [1,1] [1,1] [1,1] [1,1] [1,1] [1,1] [1,1] [1,1] [1,1] [1,1] [1,1] [1,1] [1,1] [1,1] [1,1] [1,1] [1,1] [1,1] [1,1] [1,1] [1,1] [1,1] [1,1] [1,1] [1,1] [1,1] [1,1] [1,1] [1,1] [1,1] [1,1] [1,1] [1,1] [1,1] [1,1] [1,1] [1,1] [1,1] [1,1] [1,1] [1,1] [1,1] [1,1] [1,1] [1,1] [1,1] [1,1] [1,1] [1,1] [1,1] [1,1] [1,1] [1,1] [1,1] [1,1] [1,1] [1,1] [1,1] [1,1] [1,1] [1,1] [1,1] [1,1] [1,1] [1,1] [1,1] [1,1] [1,1] [1,1] [1,1] [1,1] [1,1] [1,1] [1,1] [1,1] [1,1] [1,1] [1,1] [1,1] [1,1] [1,1] [1,1] [1,1] [1,1] [1,1] [1,1] [1,1] [1,1]
[1,1] [1,1] [1,1] [1,1] [1,1] [1,1] [1,1] [1,1] [1,1] [1,1] [1,1] [1,1] [1,1] [1,1] [1,1] [1,1] [1,1] [1,1] [1,1] [1,1] [1,1] [1,1] [1,1] [1,1] [1,1] [1,1] [1,1] [1,1] [1,1] [1,1] [1,1] [1,1] [1,1] [1,1] [1,1] [1,1] [1,1] [1,1] [1,1] [1,1] [1,1] [1,1] [1,1] [1,1] [1,1] [1,1] [1,1] [1,1] [1,1] [1,1] [1,1] [1,1] [1,1] [1,1] [1,1] [1,1] [1,1] [1,1] [1,1] [1,1] [1,1] [1,1] [1,1] [1,1] [1,1] [1,1] [1,1] [1,1] [1,1] [1,1] [1,1] [1,1] [1,1] [1,1] [1,1] [1,1] [1,1] [1,1] [1,1] [1,1] [1,1] [1,1] [1,1] [1,1] [1,1] [1,1] [1,1] [1,1] [1,1] [1,1] [1,1] [1,1] [1,1] [1,1] [1,1] [1,1] [1,1] [1,1] [1,1] [1,1]
[1,1] [1,1] [1,1] [1,1] [1,1] [1,1] [1,1] [1,1] [1,1] [1,1] [1,1] [1,1] [1,1] [1,1] [1,1] [1,1] [1,1] [1,1] [1,1] [1,1] [1,1] [1,1] [1,1] [1,1] [1,1] [1,1] [1,1] [1,1] [1,1] [1,1] [1,1] [1,1] [1,1] [1,1] [1,1] [1,1] [1,1] [1,1] [1,1] [1,1] [1,1] [1,1] [1,1] [1,1] [1,1] [1,1] [1,1] [1,1] [1,1] [1,1] [1,1] [1,1] [1,1] [1,1] [1,1] [1,1] [1,1] [1,1] [1,1] [1,1] [1,1] [1,1] [1,1] [1,1] [1,1] [1,1] [1,1] [1,1] [1,1] [1,1] [1,1] [1,1] [1,1] [1,1] [1,1] [1,1] [1,1] [1,1] [1,1] [1,1] [1,1] [1,1] [1,1] [1,1] [1,1] [1,1] [1,1] [1,1] [1,1] [1,1] [1,1] [1,1] [1,1] [1,1] [1,1] [1,1] [1,1] [1,1] [1,1] [1,1]
[1,1] [1,1] [1,1] [1,1] [1,1] [1,1] [1,1] [1,1] [1,1] [1,1] [1,1] [1,1] [1,1] [1,1] [1,1] [1,1] [1,1] [1,1] [1,1] [1,1] [1,1] [1,1] [1,1] [1,1] [1,1] [1,1] [1,1] [1,1] [1,1] [1,1] [1,1] [1,1] [1,1] [1,1] [1,1] [1,1] [1,1] [1,1] [1,1] [1,1] [1,1] [1,1] [1,1] [1,1] [1,1] [1,1] [1,1] [1,1] [1,1] [1,1] [1,1] [1,1] [1,1] [1,1] [1,1] [1,1] [1,1] [1,1] [1,1] [1,1] [1,1] [1,1] [1,1] [1,1] [1,1] [1,1] [1,1] [1,1] [1,1] [1,1] [1,1] [1,1] [1,1] [1,1] [1,1] [1,1] [1,1] [1,1] [1,1] [1,1] [1,1] [1,1] [1,1] [1,1] [1,1] [1,1] [1,1] [1,1] [1,1] [1,1] [1,1] [1,1] [1,1] [1,1] [1,1] [1,1] [1,1] [1,1] [1,1] [1,1]
[1,1] [1,1] [1,1] [1,1] [1,1] [1,1] [1,1] [1,1] [1,1] [1,1] [1,1] [1,1] [1,1] [1,1] [1,1] [1,1] [1,1] [1,1] [1,1] [1,1] [1,1] [1,1] [1,1] [1,1] [1,1] [1,1] [1,1] [1,1] [1,1] [1,1] [1,1] [1,1] [1,1] [1,1] [1,1] [1,1] [1,1] [1,1] [1,1] [1,1] [1,1] [1,1] [1,1] [1,1] [1,1] [1,1] [1,1] [1,1] [1,1] [1,1] [1,1] [1,1] [1,1] [1,1] [1,1] [1,1] [1,1] [1,1] [1,1] [1,1] [1,1] [1,1] [1,1] [1,1] [1,1] [1,1] [1,1] [1,1] [1,1] [1,1] [1,1] [1,1] [1,1] [1,1] [1,1] [1,1] [1,1] [1,1] [1,1] [1,1] [1,1] [1,1] [1,1] [1,1] [1,1] [1,1] [1,1] [1,1] [1,1] [1,1] [1,1] [1,1] [1,1] [1,1] [1,1] [1,1] [1,1] [1,1] [1,1] [1,1]
[1,1] [1,1] [1,1] [1,1] [1,1] [1,1] [1,1] [1,1] [1,1] [1,1] [1,1] [1,1] [1,1] [1,1] [1,1] [1,1] [1,1] [1,1] [1,1] [1,1] [1,1] [1,1] [1,1] [1,1] [1,1] [1,1] [1,1] [1,1] [1,1] [1,1] [1,1] [1,1] [1,1] [1,1] [1,1] [1,1] [1,1] [1,1] [1,1] [1,1] [1,1] [1,1] [1,1] [1,1] [1,1] [1,1] [1,1] [1,1] [1,1] [1,1] [1,1] [1,1] [1,1] [1,1] [1,1] [1,1] [1,1] [1,1] [1,1] [1,1] [1,1] [1,1] [1,1] [1,1] [1,1] [1,1] [1,1] [1,1] [1,1] [1,1] [1,1] [1,1] [1,1] [1,1] [1,1] [1,1] [1,1] [1,1] [1,1] [1,1] [1,1] [1,1] [1,1] [1,1] [1,1] [1,1] [1,1] [1,1] [1,1] [1,1] [1,1] [1,1] [1,1] [1,1] [1,1] [1,1] [1,1] [1,1] [1,1] [1,1]
[1,1] [1,1] [1,1] [1,1] [1,1] [1,1] [1,1] [1,1] [1,1] [1,1] [1,1] [1,1] [1,1] [1,1] [1,1] [1,1] [1,1] [1,1] [1,1] [1,1] [1,1] [1,1] [1,1] [1,1] [1,1] [1,1] [1,1] [1,1] [1,1] [1,1] [1,1] [1,1] [1,1] [1,1] [1,1] [1,1] [1,1] [1,1] [1,1] [1,1] [1,1] [1,1] [1,1] [1,1] [1,1] [1,1] [1,1] [1,1] [1,1] [1,1] [1,1] [1,1] [1,1] [1,1] [1,1] [1,1] [1,1] [1,1] [1,1] [1,1] [1,1] [1,1] [1,1] [1,1] [1,1] [1,1] [1,1] [1,1] [1,1] [1,1] [1,1] [1,1] [1,1] [1,1] [1,1] [1,1] [1,1] [1,1] [1,1] [1,1] [1,1] [1,1] [1,1] [1,1] [1,1] [1,1] [1,1] [1,1] [1,1] [1,1] [1,1] [1,1] [1,1] [1,1] [1,1] [1,1] [1,1] [1,1] [1,1] [1,1]
[1,1] [1,1] [1,1] [1,1] [1,1] [1,1] [1,1] [1,1] [1,1] [1,1] [1,1] [1,1] [1,1] [1,1] [1,1] [1,1] [1,1] [1,1] [1,1] [1,1] [1,1] [1,1] [1,1] [1,1] [1,1] [1,1] [1,1] [1,1] [1,1] [1,1] [1,1] [1,1] [1,1] [1,1] [1,1] [1,1] [1,1] [1,1] [1,1] [1,1] [1,1] [1,1] [1,1] [1,1] [1,1] [1,1] [1,1] [1,1] [1,1] [1,1] [1,1] [1,1] [1,1] [1,1] [1,1] [1,1] [1,1] [1,1] [1,1] [1,1] [1,1] [1,1] [1,1] [1,1] [1,1] [1,1] [1,1] [1,1] [1,1] [1,1] [1,1] [1,1] [1,1] [1,1] [1,1] [1,1] [1,1] [1,1] [1,1] [1,1] [1,1] [1,1] [1,1] [1,1] [1,1] [1,1] [1,1] [1,1] [1,1] [1,1] [1,1] [1,1] [1,1] [1,1] [1,1] [1,1] [1,1] [1,1] [1,1] [1,1]
[1,1] [1,1] [1,1] [1,1] [1,1] [1,1] [1,1] [1,1] [1,1] [1,1] [1,1] [1,1] [1,1] [1,1] [1,1] [1,1] [1,1] [1,1] [1,1] [1,1] [1,1] [1,1] [1,1] [1,1] [1,1] [1,1] [1,1] [1,1] [1,1] [1,1] [1,1] [1,1] [1,1] [1,1] [1,1] [1,1] [1,1] [1,1] [1,1] [1,1] [1,1] [1,1] [1,1] [1,1] [1,1] [1,1] [1,1] [1,1] [1,1] [1,1] [1,1] [1,1] [1,1] [1,1] [1,1] [1,1] [1,1] [1,1] [1,1] [1,1] [1,1] [1,1] [1,1] [1,1] [1,1] [1,1] [1,1] [1,1] [1,1] [1,1] [1,1] [1,1] [1,1] [1,1] [1,1] [1,1] [1,1] [1,1] [1,1] [1,1] [1,1] [1,1] [1,1] [1,1] [1,1] [1,1] [1,1] [1,1] [1,1] [1,1] [1,1] [1,1] [1,1] [1,1] [1,1] [1,1] [1,1] [1,1] [1,1] [1,1]
[1,1] [1,1] [1,1] [1,1] [1,1] [1,1] [1,1] [1,1] [1,1] [1,1] [1,1] [1,1] [1,1] [1,1] [1,1] [1,1] [1,1] [1,1] [1,1] [1,1] [1,1] [1,1] [1,1] [1,1] [1,1] [1,1] [1,1] [1,1] [1,1] [1,1] [1,1] [1,1] [1,1] [1,1] [1,1] [1,1] [1,1] [1,1] [1,1] [1,1] [1,1] [1,1] [1,1] [1,1] [1,1] [1,1] [1,1] [1,1] [1,1] [1,1] [1,1] [1,1] [1,1] [1,1] [1,1] [1,1] [1,1] [1,1] [1,1] [1,1] [1,1] [1,1] [1,1] [1,1] [1,1] [1,1] [1,1] [1,1] [1,1] [1,1] [1,1] [1,1] [1,1] [1,1] [1,1] [1,1] [1,1] [1,1] [1,1] [1,1] [1,1] [1,1] [1,1] [1,1] [1,1] [1,1] [1,1] [1,1] [1,1] [1,1] [1,1] [1,1] [1,1] [1,1] [1,1] [1,1] [1,1] [1,1] [1,1] [1,1]
[1,1] [1,1] [1,1] [1,1] [1,1] [1,1] [1,1] [1,1] [1,1] [1,1] [1,1] [1,1] [1,1] [1,1] [1,1] [1,1] [1,1] [1,1] [1,1] [1,1] [1,1] [1,1] [1,1] [1,1] [1,1] [1,1] [1,1] [1,1] [1,1] [1,1] [1,1] [1,1] [1,1] [1,1] [1,1] [1,1] [1,1] [1,1] [1,1] [1,1] [1,1] [1,1] [1,1] [1,1] [1,1] [1,1] [1,1] [1,1] [1,1] [1,1] [1,1] [1,1] [1,1] [1,1] [1,1] [1,1] [1,1] [1,1] [1,1] [1,1] [1,1] [1,1] [1,1] [1,1] [1,1] [1,1] [1,1] [1,1] [1,1] [1,1] [1,1] [1,1] [1,1] [1,1] [1,1] [1,1] [1,1] [1,1] [1,1] [1,1] [1,1] [1,1] [1,1] [1,1] [1,1] [1,1] [1,1] [1,1] [1,1] [1,1] [1,1] [1,1] [1,1] [1,1] [1,1] [1,1] [1,1] [1,1] [1,1] [1,1]
[1,1] [1,1] [1,1] [1,1] [1,1] [1,1] [1,1] [1,1] [1,1] [1,1] [1,1] [1,1] [1,1] [1,1] [1,1] [1,1] [1,1] [1,1] [1,1] [1,1] [1,1] [1,1] [1,1] [1,1] [1,1] [1,1] [1,1] [1,1] [1,1] [1,1] [1,1] [1,1] [1,1] [1,1] [1,1] [1,1] [1,1] [1,1] [1,1] [1,1] [1,1] [1,1] [1,1] [1,1] [1,1] [1,1] [1,1] [1,1] [1,1] [1,1] [1,1] [1,1] [1,1] [1,1] [1,1] [1,1] [1,1] [1,1] [1,1] [1,1] [1,1] [1,1] [1,1] [1,1] [1,1] [1,1] [1,1] [1,1] [1,1] [1,1] [1,1] [1,1] [1,1] [1,1] [1,1] [1,1] [1,1] [1,1] [1,1] [1,1] [1,1] [1,1] [1,1] [1,1] [1,1] [1,1] [1,1] [1,1] [1,1] [1,1] [1,1] [1,1] [1,1] [1,1] [1,1] [1,1] [1,1] [1,1] [1,1] [1,1]
[1,1] [1,1] [1,1] [1,1] [1,1] [1,1] [1,1] [1,1] [1,1] [1,1] [1,1] [1,1] [1,1] [1,1] [1,1] [1,1] [1,1] [1,1] [1,1] [1,1] [1,1] [1,1] [1,1] [1,1] [1,1] [1,1] [1,1] [1,1] [1,1] [1,1] [1,1] [1,1] [1,1] [1,1] [1,1] [1,1] [1,1] [1,1] [1,1] [1,1] [1,1] [1,1] [1,1] [1,1] [1,1] [1,1] [1,1] [1,1] [1,1] [1,1] [1,1] [1,1] [1,1] [1,1] [1,1] [1,1] [1,1] [1,1] [1,1] [1,1] [1,1] [1,1] [1,1] [1,1] [1,1] [1,1] [1,1] [1,1] [1,1] [1,1] [1,1] [1,1] [1,1] [1,1] [1,1] [1,1] [1,1] [1,1] [1,1] [1,1] [1,1] [1,1] [1,1] [1,1] [1,1] [1,1] [1,1] [1,1] [1,1] [1,1] [1,1] [1,1] [1,1] [1,1] [1,1] [1,1] [1,1] [1,1] [1,1] [1,1]
[1,1] [1,1] [1,1] [1,1] [1,1] [1,1] [1,1] [1,1] [1,1] [1,1] [1,1] [1,1] [1,1] [1,1] [1,1] [1,1] [1,1] [1,1] [1,1] [1,1] [1,1] [1,1] [1,1] [1,1] [1,1] [1,1] [1,1] [1,1] [1,1] [1,1] [1,1] [1,1] [1,1] [1,1] [1,1] [1,1] [1,1] [1,1] [1,1] [1,1] [1,1] [1,1] [1,1] [1,1] [1,1] [1,1] [1,1] [1,1] [1,1] [1,1] [1,1] [1,1] [1,1] [1,1] [1,1] [1,1] [1,1] [1,1] [1,1] [1,1] [1,1] [1,1] [1,1] [1,1] [1,1] [1,1] [1,1] [1,1] [1,1] [1,1] [1,1] [1,1] [1,1] [1,1] [1,1] [1,1] [1,1] [1,1] [1,1] [1,1] [1,1] [1,1] [1,1] [1,1] [1,1] [1,1] [1,1] [1,1] [1,1] [1,1] [1,1] [1,1] [1,1] [1,1] [1,1] [1,1] [1,1] [1,1] [1,1] [1,1]
[1,1] [1,1] [1,1] [1,1] [1,1] [1,1] [1,1] [1,1] [1,1] [1,1] [1,1] [1,1] [1,1] [1,1] [1,1] [1,1] [1,1] [1,1] [1,1] [1,1] [1,1] [1,1] [1,1] [1,1] [1,1] [1,1] [1,1] [1,1] [1,1] [1,1] [1,1] [1,1] [1,1] [1,1] [1,1] [1,1] [1,1] [1,1] [1,1] [1,1] [1,1] [1,1] [1,1] [1,1] [1,1] [1,1] [1,1] [1,1] [1,1] [1,1] [1,1] [1,1] [1,1] [1,1] [1,1] [1,1] [1,1] [1,1] [1,1] [1,1] [1,1] [1,1] [1,1] [1,1] [1,1] [1,1] [1,1] [1,1] [1,1] [1,1] [1,1] [1,1] [1,1] [1,1] [1,1] [1,1] [1,1] [1,1] [1,1] [1,1] [1,1] [1,1] [1,1] [1,1] [1,1] [1,1] [1,1] [1,1] [1,1] [1,1] [1,1] [1,1] [1,1] [1,1] [1,1] [1,1] [1,1] [1,1] [1,1] [1,1]
[1,1] [1,1] [1,1] [1,1] [1,1] [1,1] [1,1] [1,1] [1,1] [1,1] [1,1] [1,1] [1,1] [1,1] [1,1] [1,1] [1,1] [1,1] [1,1] [1,1] [1,1] [1,1] [1,1] [1,1] [1,1] [1,1] [1,1] [1,1] [1,1] [1,1] [1,1] [1,1] [1,1] [1,1] [1,1] [1,1] [1,1] [1,1] [1,1] [1,1] [1,1] [1,1] [1,1] [1,1] [1,1] [1,1] [1,1] [1,1] [1,1] [1,1] [1,1] [1,1] [1,1] [1,1] [1,1] [1,1] [1,1] [1,1] [1,1] [1,1] [1,1] [1,1] [1,1] [1,1] [1,1] [1,1] [1,1] [1,1] [1,1] [1,1] [1,1] [1,1] [1,1] [1,1] [1,1] [1,1] [1,1] [1,1] [1,1] [1,1] [1,1] [1,1] [1,1] [1,1] [1,1] [1,1] [1,1] [1,1] [1,1] [1,1] [1,1] [1,1] [1,1] [1,1] [1,1] [1,1] [1,1] [1,1] [1,1] [1,1]
[1,1] [1,1] [1,1] [1,1] [1,1] [1,1] [1,1] [1,1] [1,1] [1,1] [1,1] [1,1] [1,1] [1,1] [1,1] [1,1] [1,1] [1,1] [1,1] [1,1] [1,1] [1,1] [1,1] [1,1] [1,1] [1,1] [1,1] [1,1] [1,1] [1,1] [1,1] [1,1] [1,1] [1,1] [1,1] [1,1] [1,1] [1,1] [1,1] [1,1] [1,1] [1,1] [1,1] [1,1] [1,1] [1,1] [1,1] [1,1] [1,1] [1,1] [1,1] [1,1] [1,1] [1,1] [1,1] [1,1] [1,1] [1,1] [1,1] [1,1] [1,1] [1,1] [1,1] [1,1] [1,1] [1,1] [1,1] [1,1] [1,1] [1,1] [1,1] [1,1] [1,1] [1,1] [1,1] [1,1] [1,1] [1,1] [1,1] [1,1] [1,1] [1,1] [1,1] [1,1] [1,1] [1,1] [1,1] [1,1] [1,1] [1,1] [1,1] [1,1] [1,1] [1,1] [1,1] [1,1] [1,1] [1,1] [1,1] [1,1]
[1,1] [1,1] [1,1] [1,1] [1,1] [1,1] [1,1] [1,1] [1,1] [1,1] [1,1] [1,1] [40,40] [41,41] [42,42] [43,43] [44,44] [45,45] [1,1] [1,1] [1,1] [1,1] [1,1] [1,1] [1,1] [1,1] [1,1] [1,1] [1,1] [1,1] [1,1] [1,1] [1,1] [1,1] [1,1] [1,1] [1,1] [1,1] [1,1] [1,1] [1,1] [1,1] [1,1] [1,1] [1,1] [1,1] [1,1] [1,1] [1,1] [1,1] [1,1] [1,1] [1,1] [1,1] [1,1] [1,1] [1,1] [1,1] [1,1] [1,1] [1,1] [1,1] [1,1] [1,1] [1,1] [1,1] [1,1] [1,1] [1,1] [1,1] [1,1] [1,1] [1,1] [1,1] [1,1] [1,1] [1,1] [1,1] [1,1] [1,1] [1,1] [1,1] [1,1] [1,1] [1,1] [1,1] [1,1] [1,1] [1,1] [1,1] [1,1] [1,1] [1,1] [1,1] [1,1] [1,1] [1,1] [1,1] [1,1] [1,1]
[1,1] [1,1] [1,1] [1,1] [1,1] [1,1] [1,1] [1,1] [1,1] [1,1] [1,1] [49,49] [50,50] [51,51] [52,52] [53,53] [54,54] [55,55] [56,56] [1,1] [1,1] [1,1] [1,1] [1,1] [1,1] [1,1] [1,1] [1,1] [1,1] [1,1] [1,1] [1,1] [1,1] [1,1] [1,1] [1,1] [1,1] [1,1] [1,1] [1,1] [1,1] [1,1] [1,1] [1,1] [1,1] [1,1] [1,1] [1,1] [1,1] [1,1] [1,1] [1,1] [1,1] [1,1] [1,1] [1,1] [1,1] [1,1] [1,1] [1,1] [1,1] [1,1] [1,1] [1,1] [1,1] [1,1] [1,1] [1,1] [1,1] [1,1] [1,1] [1,1] [1,1] [1,1] [1,1] [1,1] [1,1] [1,1] [1,1] [1,1] [1,1] [1,1] [1,1] [1,1] [1,1] [1,1] [1,1] [1,1] [1,1] [1,1] [1,1] [1,1] [1,1] [1,1] [1,1] [1,1] [1,1] [1,1] [1,1] [1,1]
[1,1] [1,1] [1,1] [1,1] [1,1] [1,1] [1,1] [1,1] [1,1] [1,1] [1,1] [59,59] [60,60] [61,61] [62,62] [63,63] [64,64] [65,65] [66,66] [1,1] [1,1] [1,1] [1,1] [1,1] [1,1] [1,1] [1,1] [1,1] [1,1] [1,1] [1,1] [1,1] [1,1] [1,1] [1,1] [1,1] [1,1] [1,1] [1,1] [1,1] [1,1] [1,1] [1,1] [1,1] [1,1] [1,1] [1,1] [1,1] [1,1] [1,1] [1,1] [1,1] [1,1] [1,1] [1,1] [1,1] [1,1] [1,1] [1,1] [1,1] [1,1] [1,1] [1,1] [1,1] [1,1] [1,1] [1,1] [1,1] [1,1] [1,1] [1,1] [1,1] [1,1] [1,1] [1,1] [1,1] [1,1] [1,1] [1,1] [1,1] [1,1] [1,1] [1,1] [1,1] [1,1] [1,1] [1,1] [1,1] [1,1] [1,1] [1,1] [1,1] [1,1] [1,1] [1,1] [1,1] [1,1] [1,1] [1,1] [1,1]
[1,1] [1,1] [1,1] [1,1] [1,1] [12,12] [1,1] [1,1] [1,1] [1,1] [1,1] [69,69] [70,70] [71,71] [72,72] [73,73] [74,74] [75,75] [76,76] [2,2] [2,2] [3,3] [3,3] [3,3] [3,3] [1,1] [1,1] [1,1] [1,1] [1,1] [1,1] [1,1] [1,1] [1,1] [1,1] [1,1] [1,1] [1,1] [1,1] [1,1] [1,1] [1,1] [1,1] [1,1] [1,1] [1,1] [1,1] [1,1] [1,1] [1,1] [1,1] [1,1] [1,1] [1,1] [1,1] [1,1] [1,1] [1,1] [1,1] [1,1] [1,1] [1,1] [1,1] [1,1] [1,1] [1,1] [1,1] [1,1] [1,1] [1,1] [1,1] [1,1] [1,1] [1,1] [1,1] [1,1] [1,1] [1,1] [1,1] [1,1] [1,1] [1,1] [1,1] [1,1] [1,1] [1,1] [1,1] [1,1] [1,1] [1,1] [1,1] [1,1] [1,1] [1,1] [1,1] [1,1] [1,1] [1,1] [1,1] [1,1]
[41,41] [42,42] [43,43] [44,44] [45,45] [13,13] [8,8] [8,8] [8,8] [8,8] [1,1] [79,79] [80,80] [81,81] [82,82] [83,83] [84,84] [85,85] [86,86] [2,2] [2,2] [3,3] [3,3] [3,3] [3,3] [1,1] [1,1] [1,1] [1,1] [1,1] [1,1] [1,1] [1,1] [1,1] [1,1] [1,1] [1,1] [1,1] [1,1] [1,1] [1,1] [1,1] [1,1] [1,1] [1,1] [1,1] [1,1] [1,1] [1,1] [1,1] [1,1] [1,1] [1,1] [1,1] [1,1] [1,1] [1,1] [1,1] [1,1] [1,1] [1,1] [1,1] [1,1] [1,1] [1,1] [1,1] [1,1] [1,1] [1,1] [1,1] [1,1] [1,1] [1,1] [1,1] [1,1] [1,1] [1,1] [1,1] [1,1] [1,1] [1,1] [1,1] [1,1] [1,1] [1,1] [1,1] [1,1] [1,1] [1,1] [1,1] [1,1] [1,1] [1,1] [1,1] [1,1] [1,1] [1,1] [1,1] [1,1] [1,1]
[51,51] [52,52] [53,53] [54,54] [55,55] [56,56] [9,9] [9,9] [9,9] [9,9] [4,4] [89,89] [90,90] [91,91] [92,92] [93,93] [94,94] [95,95] [96,96] [2,2] [2,2] [8,8] [8,8] [3,3] [3,3] [3,3] [1,1] [1,1] [1,1] [1,1] [1,1] [1,1] [1,1] [1,1] [1,1] [1,1] [1,1] [1,1] [1,1] [1,1] [1,1] [1,1] [1,1] [1,1] [1,1] [1,1] [1,1] [1,1] [1,1] [1,1] [1,1] [1,1] [1,1] [1,1] [1,1] [1,1] [1,1] [1,1] [1,1] [1,1] [1,1] [1,1] [1,1] [1,1] [1,1] [1,1] [1,1] [1,1] [1,1] [1,1] [1,1] [1,1] [1,1] [1,1] [1,1] [1,1] [1,1] [1,1] [1,1] [1,1] [1,1] [1,1] [1,1] [1,1] [1,1] [1,1] [1,1] [1,1] [1,1] [1,1] [1,1] [1,1] [1,1] [1,1] [1,1] [1,1] [1,1] [1,1] [1,1] [1,1]
[61,61] [62,62] [63,63] [64,64] [65,65] [66,66] [8,8] [8,8] [8,8] [8,8] [5,5] [99,99] [100,100] [101,101] [102,102] [103,103] [104,104] [105,105] [106,106] [40,40] [41,41] [42,42] [43,43] [44,44] [45,45] [3,3] [3,3] [1,1] [1,1] [1,1] [1,1] [1,1] [1,1] [1,1] [1,1] [1,1] [1,1] [1,1] [1,1] [1,1] [1,1] [1,1] [1,1] [1,1] [1,1] [1,1] [1,1] [1,1] [1,1] [1,1] [1,1] [1,1] [1,1] [1,1] [1,1] [1,1] [1,1] [1,1] [1,1] [1,1] [1,1] [1,1] [1,1] [1,1] [1,1] [1,1] [1,1] [1,1] [1,1] [1,1] [1,1] [1,1] [1,1] [1,1] [1,1] [1,1] [1,1] [1,1] [1,1] [1,1] [1,1] [1,1] [1,1] [1,1] [1,1] [1,1] [1,1] [1,1] [1,1] [1,1] [1,1] [1,1] [1,1] [1,1] [1,1] [1,1] [1,1] [1,1] [1,1] [1,1]
[71,71] [72,72] [73,73] [74,74] [75,75] [76,76] [169,169] [170,170] [171,171] [172,172] [173,173] [174,174] [175,175] [176,176] [177,177] [178,178] [179,179] [180,180] [49,49] [50,50] [51,51] [52,52] [53,53] [54,54] [55,55] [56,56] [3,3] [1,1] [1,1] [1,1] [1,1] [1,1] [1,1] [1,1] [1,1] [1,1] [1,1] [1,1] [1,1] [1,1] [1,1] [1,1] [1,1] [1,1] [1,1] [1,1] [1,1] [1,1] [1,1] [1,1] [1,1] [1,1] [1,1] [1,1] [1,1] [1,1] [1,1] [1,1] [1,1] [1,1] [1,1] [1,1] [1,1] [1,1] [1,1] [1,1] [1,1] [1,1] [1,1] [1,1] [1,1] [1,1] [1,1] [1,1] [1,1] [1,1] [1,1] [1,1] [1,1] [1,1] [1,1] [1,1] [1,1] [1,1] [1,1] [1,1] [1,1] [1,1] [1,1] [1,1] [1,1] [1,1] [1,1] [1,1] [1,1] [1,1] [1,1] [1,1] [1,1] [1,1]
[81,81] [82,82] [83,83] [84,84] [85,85] [86,86] [199,199] [199,199] [181,181] [182,182] [183,183] [184,184] [185,185] [186,186] [187,187] [188,188] [189,189] [190,190] [59,59] [60,60] [61,61] [62,62] [63,63] [64,64] [65,65] [66,66] [3,3] [1,1] [1,1] [1,1] [1,1] [1,1] [1,1] [1,1] [1,1] [1,1] [1,1] [1,1] [1,1] [1,1] [1,1] [1,1] [1,1] [1,1] [1,1] [1,1] [1,1] [1,1] [1,1] [1,1] [1,1] [1,1] [1,1] [1,1] [1,1] [1,1] [1,1] [1,1] [1,1] [1,1] [1,1] [1,1] [1,1] [1,1] [1,1] [1,1] [1,1] [1,1] [1,1] [1,1] [1,1] [1,1] [1,1] [1,1] [1,1] [1,1] [1,1] [1,1] [1,1] [1,1] [1,1] [1,1] [1,1] [1,1] [1,1] [1,1] [1,1] [1,1] [1,1] [1,1] [1,1] [1,1] [1,1] [1,1] [1,1] [1,1] [1,1] [1,1] [1,1] [1,1]
[91,91] [92,92] [93,93] [94,94] [95,95] [96,96] [199,199] [199,199] [191,191] [192,192] [193,193] [194,194] [195,195] [196,196] [197,197] [198,198] [199,199] [200,200] [69,69] [70,70] [71,71] [72,72] [73,73] [74,74] [75,75] [76,76] [3,3] [1,1] [1,1] [1,1] [1,1] [1,1] [1,1] [1,1] [1,1] [1,1] [1,1] [1,1] [1,1] [1,1] [1,1] [1,1] [1,1] [1,1] [1,1] [1,1] [1,1] [1,1] [1,1] [1,1] [1,1] [1,1] [1,1] [1,1] [1,1] [1,1] [1,1] [1,1] [1,1] [1,1] [1,1] [1,1] [1,1] [1,1] [1,1] [1,1] [1,1] [1,1] [1,1] [1,1] [1,1] [1,1] [1,1] [1,1] [1,1] [1,1] [1,1] [1,1] [1,1] [1,1] [1,1] [1,1] [1,1] [1,1] [1,1] [1,1] [1,1] [1,1] [1,1] [1,1] [1,1] [1,1] [1,1] [1,1] [1,1] [1,1] [1,1] [1,1] [1,1] [1,1]
[101,101] [102,102] [103,103] [104,104] [105,105] [106,106] [199,199] [199,199] [201,201] [202,202] [203,203] [204,204] [205,205] [206,206] [207,207] [208,208] [209,209] [210,210] [79,79] [80,80] [81,81] [82,82] [83,83] [84,84] [85,85] [86,86] [3,3] [1,1] [1,1] [1,1] [1,1] [1,1] [1,1] [1,1] [1,1] [1,1] [1,1] [1,1] [1,1] [1,1] [1,1] [1,1] [1,1] [1,1] [1,1] [1,1] [1,1] [1,1] [1,1] [1,1] [1,1] [1,1] [1,1] [1,1] [1,1] [1,1] [1,1] [1,1] [1,1] [1,1] [1,1] [1,1] [1,1] [1,1] [1,1] [1,1] [1,1] [1,1] [1,1] [1,1] [1,1] [1,1] [1,1] [1,1] [1,1] [1,1] [1,1] [1,1] [1,1] [1,1] [1,1] [1,1] [1,1] [1,1] [1,1] [1,1] [1,1] [1,1] [1,1] [1,1] [1,1] [1,1] [1,1] [1,1] [1,1] [1,1] [1,1] [1,1] [1,1] [1,1]
[111,111] [112,112] [113,113] [114,114] [115,115] [116,116] [199,199] [210,210] [211,211] [212,212] [213,213] [214,214] [215,215] [216,216] [217,217] [218,218] [219,219] [220,220] [89,89] [90,90] [91,91] [92,92] [93,93] [94,94] [95,95] [96,96] [3,3] [1,1] [1,1] [1,1] [1,1] [1,1] [1,1] [1,1] [1,1] [1,1] [1,1] [1,1] [1,1] [1,1] [1,1] [1,1] [1,1] [1,1] [1,1] [1,1] [1,1] [1,1] [1,1] [1,1] [1,1] [1,1] [1,1] [1,1] [1,1] [1,1] [1,1] [1,1] [1,1] [1,1] [1,1] [1,1] [1,1] [1,1] [1,1] [1,1] [1,1] [1,1] [1,1] [1,1] [1,1] [1,1] [1,1] [1,1] [1,1] [1,1] [1,1] [1,1] [1,1] [1,1] [1,1] [1,1] [1,1] [1,1] [1,1] [1,1] [1,1] [1,1] [1,1] [1,1] [1,1] [1,1] [1,1] [1,1] [1,1] [1,1] [1,1] [1,1] [1,1] [1,1]
[121,121] [122,122] [123,123] [124,124] [125,125] [8,8] [219,219] [220,220] [221,221] [222,222] [223,223] [224,224] [225,225] [226,226] [227,227] [228,228] [229,229] [230,230] [99,99] [100,100] [101,101] [102,102] [103,103] [104,104] [105,105] [106,106] [3,3] [1,1] [1,1] [1,1] [1,1] [1,1] [1,1] [1,1] [1,1] [1,1] [1,1] [1,1] [1,1] [1,1] [1,1] [1,1] [1,1] [1,1] [1,1] [1,1] [1,1] [1,1] [1,1] [1,1] [1,1] [1,1] [1,1] [1,1] [1,1] [1,1] [1,1] [1,1] [1,1] [1,1] [1,1] [1,1] [1,1] [1,1] [1,1] [1,1] [1,1] [1,1] [1,1] [1,1] [1,1] [1,1] [1,1] [1,1] [1,1] [1,1] [1,1] [1,1] [1,1] [1,1] [1,1] [1,1] [1,1] [1,1] [1,1] [1,1] [1,1] [1,1] [1,1] [1,1] [1,1] [1,1] [1,1] [1,1] [1,1] [1,1] [1,1] [1,1] [1,1] [1,1]
[131,131] [132,132] [133,133] [134,134] [8,8] [9,9] [229,229] [230,230] [221,221] [221,221] [233,233] [234,234] [235,235] [236,236] [237,237] [238,238] [239,239] [240,240] [109,109] [110,110] [111,111] [112,112] [113,113] [114,114] [115,115] [116,116] [3,3] [1,1] [1,1] [1,1] [1,1] [1,1] [1,1] [1,1] [1,1] [1,1] [1,1] [1,1] [1,1] [1,1] [1,1] [1,1] [1,1] [1,1] [1,1] [1,1] [1,1] [1,1] [1,1] [1,1] [1,1] [1,1] [1,1] [1,1] [1,1] [1,1] [1,1] [1,1] [1,1] [1,1] [1,1] [1,1] [1,1] [1,1] [1,1] [1,1] [1,1] [1,1] [1,1] [1,1] [1,1] [1,1] [1,1] [1,1] [1,1] [1,1] [1,1] [1,1] [1,1] [1,1] [1,1] [1,1] [1,1] [1,1] [1,1] [1,1] [1,1] [1,1] [1,1] [1,1] [1,1] [1,1] [1,1] [1,1] [1,1] [1,1] [1,1] [1,1] [1,1] [1,1]
[137,137] [138,138] [139,139] [140,140] [9,9] [9,9] [239,239] [240,240] [241,241] [242,242] [243,243] [244,244] [245,245] [246,246] [247,247] [248,248] [249,249] [250,250] [3,3] [120,120] [121,121] [122,122] [123,123] [124,124] [125,125] [3,3] [3,3] [1,1] [1,1] [1,1] [1,1] [1,1] [1,1] [1,1] [1,1] [1,1] [1,1] [1,1] [1,1] [1,1] [1,1] [1,1] [1,1] [1,1] [1,1] [1,1] [1,1] [1,1] [1,1] [1,1] [1,1] [1,1] [1,1] [1,1] [1,1] [1,1] [1,1] [1,1] [1,1] [1,1] [1,1] [1,1] [1,1] [1,1] [1,1] [1,1] [1,1] [1,1] [1,1] [1,1] [1,1] [1,1] [1,1] [1,1] [1,1] [1,1] [1,1] [1,1] [1,1] [1,1] [1,1] [1,1] [1,1] [1,1] [1,1] [1,1] [1,1] [1,1] [1,1] [1,1] [1,1] [1,1] [1,1] [1,1] [1,1] [1,1] [1,1] [1,1] [1,1] [1,1]
[141,141] [142,142] [143,143] [144,144] [8,8] [8,8] [249,249] [250,250] [251,251] [251,251] [253,253] [254,254] [255,255] [256,256] [257,257] [258,258] [259,259] [260,260] [10,10] [3,3] [3,3] [132,132] [133,133] [3,3] [3,3] [3,3] [3,3] [1,1] [1,1] [1,1] [1,1] [1,1] [1,1] [1,1] [1,1] [1,1] [1,1] [1,1] [1,1] [1,1] [1,1] [1,1] [1,1] [1,1] [1,1] [1,1] [1,1] [1,1] [1,1] [1,1] [1,1] [1,1] [1,1] [1,1] [1,1] [1,1] [1,1] [1,1] [1,1] [1,1] [1,1] [1,1] [1,1] [1,1] [1,1] [1,1] [1,1] [1,1] [1,1] [1,1] [1,1] [1,1] [1,1] [1,1] [1,1] [1,1] [1,1] [1,1] [1,1] [1,1] [1,1] [1,1] [1,1] [1,1] [1,1] [1,1] [1,1] [1,1] [1,1] [1,1] [1,1] [1,1] [1,1] [1,1] [1,1] [1,1] [1,1] [1,1] [1,1] [1,1]
[145,145] [146,146] [147,147] [148,148] [9,9] [9,9] [259,259] [260,260] [261,261] [262,262] [263,263] [264,264] [265,265] [266,266] [267,267] [268,268] [269,269] [179,179] [11,11] [3,3] [3,3] [3,3] [3,3] [3,3] [3,3] [3,3] [3,3] [1,1] [1,1] [1,1] [1,1] [1,1] [1,1] [1,1] [1,1] [1,1] [1,1] [1,1] [1,1] [1,1] [1,1] [1,1] [1,1] [1,1] [1,1] [1,1] [1,1] [1,1] [1,1] [1,1] [1,1] [1,1] [1,1] [1,1] [1,1] [1,1] [1,1] [1,1] [1,1] [1,1] [1,1] [1,1] [1,1] [1,1] [1,1] [1,1] [1,1] [1,1] [1,1] [1,1] [1,1] [1,1] [1,1] [1,1] [1,1] [1,1] [1,1] [1,1] [1,1] [1,1] [1,1] [1,1] [1,1] [1,1] [1,1] [1,1] [1,1] [1,1] [1,1] [1,1] [1,1] [1,1] [1,1] [1,1] [1,1] [1,1] [1,1] [1,1] [1,1] [1,1]
[149,149] [150,150] [151,151] [152,152] [8,8] [8,8] [7,7] [7,7] [7,7] [7,7] [33,33] [34,34] [34,34] [35,35] [7,7] [7,7] [7,7] [7,7] [1,1] [3,3] [3,3] [3,3] [3,3] [3,3] [3,3] [1,1] [1,1] [1,1] [1,1] [1,1] [1,1] [1,1] [1,1] [1,1] [1,1] [1,1] [1,1] [1,1] [1,1] [1,1] [1,1] [1,1] [1,1] [1,1] [1,1] [1,1] [1,1] [1,1] [1,1] [1,1] [1,1] [1,1] [1,1] [1,1] [1,1] [1,1] [1,1] [1,1] [1,1] [1,1] [1,1] [1,1] [1,1] [1,1] [1,1] [1,1] [1,1] [1,1] [1,1] [1,1] [1,1] [1,1] [1,1] [1,1] [1,1] [1,1] [1,1] [1,1] [1,1] [1,1] [1,1] [1,1] [1,1] [1,1] [1,1] [1,1] [1,1] [1,1] [1,1] [1,1] [1,1] [1,1] [1,1] [1,1] [1,1] [1,1] [1,1] [1,1] [1,1] [1,1]
[8,8] [8,8] [8,8] [8,8] [9,9] [9,9] [1,1] [1,1] [1,1] [2,2] [33,33] [34,34] [34,34] [35,35] [2,2] [1,1] [1,1] [1,1] [1,1] [1,1] [3,3] [3,3] [3,3] [3,3] [1,1] [1,1] [1,1] [1,1] [1,1] [1,1] [1,1] [1,1] [1,1] [1,1] [1,1] [1,1] [1,1] [1,1] [1,1] [1,1] [1,1] [1,1] [1,1] [1,1] [1,1] [1,1] [1,1] [1,1] [1,1] [1,1] [1,1] [1,1] [1,1] [1,1] [1,1] [1,1] [1,1] [1,1] [1,1] [1,1] [1,1] [1,1] [1,1] [1,1] [1,1] [1,1] [1,1] [1,1] [1,1] [1,1] [1,1] [1,1] [1,1] [1,1] [1,1] [1,1] [1,1] [1,1] [1,1] [1,1] [1,1] [1,1] [1,1] [1,1] [1,1] [1,1] [1,1] [1,1] [1,1] [1,1] [1,1] [1,1] [1,1] [1,1] [1,1] [1,1] [1,1] [1,1] [1,1] [1,1]
[9,9] [9,9] [9,9] [9,9] [9,9] [9,9] [1,1] [1,1] [1,1] [1,1] [33,33] [34,34] [34,34] [35,35] [31,31] [31,31] [31,31] [31,31] [31,31] [31,31] [31,31] [31,31] [31,31] [31,31] [31,31] [31,31] [31,31] [31,31] [31,31] [31,31] [31,31] [31,31] [31,31] [31,31] [31,31] [31,31] [31,31] [31,31] [1,1] [1,1] [1,1] [1,1] [1,1] [1,1] [1,1] [1,1] [1,1] [1,1] [1,1] [1,1] [1,1] [1,1] [1,1] [1,1] [1,1] [1,1] [1,1] [1,1] [1,1] [1,1] [1,1] [1,1] [1,1] [1,1] [1,1] [1,1] [1,1] [1,1] [1,1] [1,1] [1,1] [1,1] [1,1] [1,1] [1,1] [1,1] [1,1] [1,1] [1,1] [1,1] [1,1] [1,1] [1,1] [1,1] [1,1] [1,1] [1,1] [1,1] [1,1] [1,1] [1,1] [1,1] [1,1] [1,1] [1,1] [1,1] [1,1] [1,1] [1,1] [1,1]
[1,1] [1,1] [1,1] [1,1] [1,1] [1,1] [1,1] [1,1] [1,1] [1,1] [33,33] [34,34] [34,34] [34,34] [34,34] [34,34] [34,34] [34,34] [34,34] [34,34] [34,34] [34,34] [34,34] [34,34] [34,34] [34,34] [34,34] [34,34] [34,34] [34,34] [34,34] [34,34] [34,34] [34,34] [34,34] [34,34] [34,34] [34,34] [1,1] [1,1] [1,1] [1,1] [1,1] [1,1] [1,1] [1,1] [1,1] [1,1] [1,1] [1,1] [1,1] [1,1] [1,1] [1,1] [1,1] [1,1] [1,1] [1,1] [1,1] [1,1] [1,1] [1,1] [1,1] [1,1] [1,1] [1,1] [1,1] [1,1] [1,1] [1,1] [1,1] [1,1] [1,1] [1,1] [1,1] [1,1] [1,1] [1,1] [1,1] [1,1] [1,1] [1,1] [1,1] [1,1] [1,1] [1,1] [1,1] [1,1] [1,1] [1,1] [1,1] [1,1] [1,1] [1,1] [1,1] [1,1] [1,1] [1,1] [1,1] [1,1]
[1,1] [1,1] [1,1] [1,1] [1,1] [1,1] [1,1] [1,1] [1,1] [1,1] [33,33] [34,34] [34,34] [34,34] [34,34] [34,34] [34,34] [34,34] [34,34] [34,34] [34,34] [34,34] [34,34] [34,34] [34,34] [34,34] [34,34] [34,34] [34,34] [34,34] [34,34] [34,34] [34,34] [34,34] [34,34] [34,34] [34,34] [34,34] [1,1] [1,1] [1,1] [1,1] [1,1] [1,1] [1,1] [1,1] [1,1] [1,1] [1,1] [1,1] [1,1] [1,1] [1,1] [1,1] [1,1] [1,1] [1,1] [1,1] [1,1] [1,1] [1,1] [1,1] [1,1] [1,1] [1,1] [1,1] [1,1] [1,1] [1,1] [1,1] [1,1] [1,1] [1,1] [1,1] [1,1] [1,1] [1,1] [1,1] [1,1] [1,1] [1,1] [1,1] [1,1] [1,1] [1,1] [1,1] [1,1] [1,1] [1,1] [1,1] [1,1] [1,1] [1,1] [1,1] [1,1] [1,1] [1,1] [1,1] [1,1] [1,1]
[1,1] [1,1] [1,1] [1,1] [1,1] [1,1] [1,1] [1,1] [1,1] [1,1] [36,36] [37,37] [37,37] [37,37] [37,37] [37,37] [37,37] [37,37] [37,37] [37,37] [37,37] [37,37] [37,37] [37,37] [37,37] [37,37] [37,37] [37,37] [37,37] [37,37] [37,37] [37,37] [37,37] [37,37] [37,37] [37,37] [37,37] [37,37] [1,1] [1,1] [1,1] [1,1] [1,1] [1,1] [1,1] [1,1] [1,1] [1,1] [1,1] [1,1] [1,1] [1,1] [1,1] [1,1] [1,1] [1,1] [1,1] [1,1] [1,1] [1,1] [1,1] [1,1] [1,1] [1,1] [1,1] [1,1] [1,1] [1,1] [1,1] [1,1] [1,1] [1,1] [1,1] [1,1] [1,1] [1,1] [1,1] [1,1] [1,1] [1,1] [1,1] [1,1] [1,1] [1,1] [1,1] [1,1] [1,1] [1,1] [1,1] [1,1] [1,1] [1,1] [1,1] [1,1] [1,1] [1,1] [1,1] [1,1] [1,1] [1,1]
[1,1] [1,1] [1,1] [1,1] [1,1] [1,1] [1,1] [1,1] [1,1] [1,1] [1,1] [1,1] [1,1] [1,1] [1,1] [1,1] [1,1] [1,1] [1,1] [1,1] [1,1] [1,1] [1,1] [1,1] [1,1] [1,1] [1,1] [1,1] [1,1] [1,1] [1,1] [1,1] [1,1] [1,1] [1,1] [1,1] [1,1] [1,1] [1,1] [1,1] [1,1] [1,1] [1,1] [1,1] [1,1] [1,1] [1,1] [1,1] [1,1] [1,1] [1,1] [1,1] [1,1] [1,1] [1,1] [1,1] [1,1] [1,1] [1,1] [1,1] [1,1] [1,1] [1,1] [1,1] [1,1] [1,1] [1,1] [1,1] [1,1] [1,1] [1,1] [1,1] [1,1] [1,1] [1,1] [1,1] [1,1] [1,1] [1,1] [1,1] [1,1] [1,1] [1,1] [1,1] [1,1] [1,1] [1,1] [1,1] [1,1] [1,1] [1,1] [1,1] [1,1] [1,1] [1,1] [1,1] [1,1] [1,1] [1,1] [1,1]
[1,1] [1,1] [1,1] [1,1] [1,1] [1,1] [1,1] [1,1] [1,1] [1,1] [1,1] [1,1] [1,1] [1,1] [1,1] [1,1] [1,1] [1,1] [1,1] [1,1] [1,1] [1,1] [1,1] [1,1] [1,1] [1,1] [1,1] [1,1] [1,1] [1,1] [1,1] [1,1] [1,1] [1,1] [1,1] [1,1] [1,1] [1,1] [1,1] [1,1] [1,1] [1,1] [1,1] [1,1] [1,1] [1,1] [1,1] [1,1] [1,1] [1,1] [1,1] [1,1] [1,1] [1,1] [1,1] [1,1] [1,1] [1,1] [1,1] [1,1] [1,1] [1,1] [1,1] [1,1] [1,1] [1,1] [1,1] [1,1] [1,1] [1,1] [1,1] [1,1] [1,1] [1,1] [1,1] [1,1] [1,1] [1,1] [1,1] [1,1] [1,1] [1,1] [1,1] [1,1] [1,1] [1,1] [1,1] [1,1] [1,1] [1,1] [1,1] [1,1] [1,1] [1,1] [1,1] [1,1] [1,1] [1,1] [1,1] [1,1]
[1,1] [1,1] [1,1] [1,1] [1,1] [1,1] [1,1] [1,1] [1,1] [1,1] [1,1] [1,1] [1,1] [1,1] [1,1] [1,1] [1,1] [1,1] [1,1] [1,1] [1,1] [1,1] [1,1] [1,1] [1,1] [1,1] [1,1] [1,1] [1,1] [1,1] [1,1] [1,1] [1,1] [1,1] [1,1] [1,1] [1,1] [1,1] [1,1] [1,1] [1,1] [1,1] [1,1] [1,1] [1,1] [1,1] [1,1] [1,1] [1,1] [1,1] [1,1] [1,1] [1,1] [1,1] [1,1] [1,1] [1,1] [1,1] [1,1] [1,1] [1,1] [1,1] [1,1] [1,1] [1,1] [1,1] [1,1] [1,1] [1,1] [1,1] [1,1] [1,1] [1,1] [1,1] [1,1] [1,1] [1,1] [1,1] [1,1] [1,1] [1,1] [1,1] [1,1] [1,1] [1,1] [1,1] [1,1] [1,1] [1,1] [1,1] [1,1] [1,1] [1,1] [1,1] [1,1] [1,1] [1,1] [1,1] [1,1] [1,1]
[1,1] [1,1] [1,1] [1,1] [1,1] [1,1] [1,1] [1,1] [1,1] [1,1] [1,1] [1,1] [1,1] [1,1] [1,1] [1,1] [1,1] [1,1] [1,1] [1,1] [1,1] [1,1] [1,1] [1,1] [1,1] [1,1] [1,1] [1,1] [1,1] [1,1] [1,1] [1,1] [1,1] [1,1] [1,1] [1,1] [1,1] [1,1] [1,1] [1,1] [1,1] [1,1] [1,1] [1,1] [1,1] [1,1] [1,1] [1,1] [1,1] [1,1] [1,1] [1,1] [1,1] [1,1] [1,1] [1,1] [1,1] [1,1] [1,1] [1,1] [1,1] [1,1] [1,1] [1,1] [1,1] [1,1] [1,1] [1,1] [1,1] [1,1] [1,1] [1,1] [1,1] [1,1] [1,1] [1,1] [1,1] [1,1] [1,1] [1,1] [1,1] [1,1] [1,1] [1,1] [1,1] [1,1] [1,1] [1,1] [1,1] [1,1] [1,1] [1,1] [1,1] [1,1] [1,1] [1,1] [1,1] [1,1] [1,1] [1,1]
[1,1] [1,1] [1,1] [1,1] [1,1] [1,1] [1,1] [1,1] [1,1] [1,1] [1,1] [1,1] [1,1] [1,1] [1,1] [1,1] [1,1] [1,1] [1,1] [1,1] [1,1] [1,1] [1,1] [1,1] [1,1] [1,1] [1,1] [1,1] [1,1] [1,1] [1,1] [1,1] [1,1] [1,1] [1,1] [1,1] [1,1] [1,1] [1,1] [1,1] [1,1] [1,1] [1,1] [1,1] [1,1] [1,1] [1,1] [1,1] [1,1] [1,1] [1,1] [1,1] [1,1] [1,1] [1,1] [1,1] [1,1] [1,1] [1,1] [1,1] [1,1] [1,1] [1,1] [1,1] [1,1] [1,1] [1,1] [1,1] [1,1] [1,1] [1,1] [1,1] [1,1] [1,1] [1,1] [1,1] [1,1] [1,1] [1,1] [1,1] [1,1] [1,1] [1,1] [1,1] [1,1] [1,1] [1,1] [1,1] [1,1] [1,1] [1,1] [1,1] [1,1] [1,1] [1,1] [1,1] [1,1] [1,1] [1,1] [1,1]
[1,1] [1,1] [1,1] [1,1] [1,1] [1,1] [1,1] [1,1] [1,1] [1,1] [1,1] [1,1] [1,1] [1,1] [1,1] [1,1] [1,1] [1,1] [1,1] [1,1] [1,1] [1,1] [1,1] [1,1] [1,1] [1,1] [1,1] [1,1] [1,1] [1,1] [1,1] [1,1] [1,1] [1,1] [1,1] [1,1] [1,1] [1,1] [1,1] [1,1] [1,1] [1,1] [1,1] [1,1] [1,1] [1,1] [1,1] [1,1] [1,1] [1,1] [1,1] [1,1] [1,1] [1,1] [1,1] [1,1] [1,1] [1,1] [1,1] [1,1] [1,1] [1,1] [1,1] [1,1] [1,1] [1,1] [1,1] [1,1] [1,1] [1,1] [1,1] [1,1] [1,1] [1,1] [1,1] [1,1] [1,1] [1,1] [1,1] [1,1] [1,1] [1,1] [1,1] [1,1] [1,1] [1,1] [1,1] [1,1] [1,1] [1,1] [1,1] [1,1] [1,1] [1,1] [1,1] [1,1] [1,1] [1,1] [1,1] [1,1]
[1,1] [1,1] [1,1] [1,1] [1,1] [1,1] [1,1] [1,1] [1,1] [1,1] [1,1] [1,1] [1,1] [1,1] [1,1] [1,1] [1,1] [1,1] [1,1] [1,1] [1,1] [1,1] [1,1] [1,1] [1,1] [1,1] [1,1] [1,1] [1,1] [1,1] [1,1] [1,1] [1,1] [1,1] [1,1] [1,1] [1,1] [1,1] [1,1] [1,1] [1,1] [1,1] [1,1] [1,1] [1,1] [1,1] [1,1] [1,1] [1,1] [1,1] [1,1] [1,1] [1,1] [1,1] [1,1] [1,1] [1,1] [1,1] [1,1] [1,1] [1,1] [1,1] [1,1] [1,1] [1,1] [1,1] [1,1] [1,1] [1,1] [1,1] [1,1] [1,1] [1,1] [1,1] [1,1] [1,1] [1,1] [1,1] [1,1] [1,1] [1,1] [1,1] [1,1] [1,1] [1,1] [1,1] [1,1] [1,1] [1,1] [1,1] [1,1] [1,1] [1,1] [1,1] [1,1] [1,1] [1,1] [1,1] [1,1] [1,1]