[1,0] [1,0] [1,0] [1,0] [1,0] [1,0] [1,0] [1,0] [1,0] [1,0] [1,0] [1,0] [1,0] [1,0] [1,0] [1,0] [1,0] [1,0] [1,0] [1,0] [1,0] [1,0] [1,0] [1,0] [1,0] [1,0] [1,0] [1,0] [1,0] [1,0] [1,0] [1,0] [1,0] [1,0] [1,0] [1,0] [1,0] [1,0] [1,0] [1,0] [1,0] [1,0] [1,0] [1,0] [1,0] [1,0] [1,0] [1,0] [1,0] [1,0] [1,0] [1,0] [1,0] [1,0] [1,0] [1,0] [1,0] [1,0] [1,0] [1,0] [1,0] [1,0] [1,0] [1,0] [1,0] [1,0] [1,0] [1,0] [1,0] [1,0] [1,0] [1,0] [1,0] [1,0] [1,0] [1,0] [1,0] [1,0] [1,0] [1,0] [1,0] [1,0] [1,0] [1,0] [1,0] [1,0] [1,0] [1,0] [1,0] [1,0] [1,0] [1,0] [1,0] [1,0] [1,0] [1,0] [1,0] [1,0] [1,0] [1,0]
[1,0] [1,0] [1,0] [1,0] [1,0] [1,0] [1,0] [1,0] [1,0] [1,0] [1,0] [1,0] [1,0] [1,0] [1,0] [1,0] [1,0] [1,0] [1,0] [1,0] [1,0] [1,0] [1,0] [1,0] [1,0] [1,0] [1,0] [1,0] [1,0] [1,0] [1,0] [1,0] [1,0] [1,0] [1,0] [1,0] [1,0] [1,0] [1,0] [1,0] [1,0] [1,0] [1,0] [1,0] [1,0] [1,0] [1,0] [1,0] [1,0] [1,0] [1,0] [1,0] [1,0] [1,0] [1,0] [1,0] [1,0] [1,0] [1,0] [1,0] [1,0] [1,0] [1,0] [1,0] [1,0] [1,0] [1,0] [1,0] [1,0] [1,0] [1,0] [1,0] [1,0] [1,0] [1,0] [1,0] [1,0] [1,0] [1,0] [1,0] [1,0] [1,0] [1,0] [1,0] [1,0] [1,0] [1,0] [1,0] [1,0] [1,0] [1,0] [1,0] [1,0] [1,0] [1,0] [1,0] [1,0] [1,0] [1,0] [1,0]
[1,0] [1,0] [1,0] [1,0] [1,0] [1,0] [1,0] [1,0] [1,0] [1,0] [1,0] [1,0] [1,0] [1,0] [1,0] [1,0] [1,0] [1,0] [1,0] [1,0] [1,0] [1,0] [1,0] [1,0] [1,0] [1,0] [1,0] [1,0] [1,0] [1,0] [1,0] [1,0] [1,0] [1,0] [1,0] [1,0] [1,0] [1,0] [1,0] [1,0] [1,0] [1,0] [1,0] [1,0] [1,0] [1,0] [1,0] [1,0] [1,0] [1,0] [1,0] [1,0] [1,0] [1,0] [1,0] [1,0] [1,0] [1,0] [1,0] [1,0] [1,0] [1,0] [1,0] [1,0] [1,0] [1,0] [1,0] [1,0] [1,0] [1,0] [1,0] [1,0] [1,0] [1,0] [1,0] [1,0] [1,0] [1,0] [1,0] [1,0] [1,0] [1,0] [1,0] [1,0] [1,0] [1,0] [1,0] [1,0] [1,0] [1,0] [1,0] [1,0] [1,0] [1,0] [1,0] [1,0] [1,0] [1,0] [1,0] [1,0]
[1,0] [1,0] [1,0] [1,0] [1,0] [1,0] [1,0] [1,0] [1,0] [1,0] [1,0] [1,0] [1,0] [1,0] [1,0] [1,0] [1,0] [1,0] [1,0] [1,0] [1,0] [1,0] [1,0] [1,0] [1,0] [1,0] [1,0] [1,0] [1,0] [1,0] [1,0] [1,0] [1,0] [1,0] [1,0] [1,0] [1,0] [1,0] [1,0] [1,0] [1,0] [1,0] [1,0] [1,0] [1,0] [1,0] [1,0] [1,0] [1,0] [1,0] [1,0] [1,0] [1,0] [1,0] [1,0] [1,0] [1,0] [1,0] [1,0] [1,0] [1,0] [1,0] [1,0] [1,0] [1,0] [1,0] [1,0] [1,0] [1,0] [1,0] [1,0] [1,0] [1,0] [1,0] [1,0] [1,0] [1,0] [1,0] [1,0] [1,0] [1,0] [1,0] [1,0] [1,0] [1,0] [1,0] [1,0] [1,0] [1,0] [1,0] [1,0] [1,0] [1,0] [1,0] [1,0] [1,0] [1,0] [1,0] [1,0] [1,0]
[1,0] [1,0] [1,0] [1,0] [1,0] [1,0] [1,0] [1,0] [1,0] [1,0] [1,0] [1,0] [1,0] [1,0] [1,0] [1,0] [1,0] [1,0] [1,0] [1,0] [1,0] [1,0] [1,0] [1,0] [1,0] [1,0] [1,0] [1,0] [1,0] [1,0] [1,0] [1,0] [1,0] [1,0] [1,0] [1,0] [1,0] [1,0] [1,0] [1,0] [1,0] [1,0] [1,0] [1,0] [1,0] [1,0] [1,0] [1,0] [1,0] [1,0] [1,0] [1,0] [1,0] [1,0] [1,0] [1,0] [1,0] [1,0] [1,0] [1,0] [1,0] [1,0] [1,0] [1,0] [1,0] [1,0] [1,0] [1,0] [1,0] [1,0] [1,0] [1,0] [1,0] [1,0] [1,0] [1,0] [1,0] [1,0] [1,0] [1,0] [1,0] [1,0] [1,0] [1,0] [1,0] [1,0] [1,0] [1,0] [1,0] [1,0] [1,0] [1,0] [1,0] [1,0] [1,0] [1,0] [1,0] [1,0] [1,0] [1,0]
[1,0] [1,0] [1,0] [1,0] [1,0] [1,0] [1,0] [1,0] [1,0] [1,0] [1,0] [1,0] [1,0] [1,0] [1,0] [1,0] [1,0] [1,0] [1,0] [1,0] [1,0] [1,0] [1,0] [1,0] [1,0] [1,0] [1,0] [1,0] [1,0] [1,0] [1,0] [1,0] [1,0] [1,0] [1,0] [1,0] [1,0] [1,0] [1,0] [1,0] [1,0] [1,0] [1,0] [1,0] [1,0] [1,0] [1,0] [1,0] [1,0] [1,0] [1,0] [1,0] [1,0] [1,0] [1,0] [1,0] [1,0] [1,0] [1,0] [1,0] [1,0] [1,0] [1,0] [1,0] [1,0] [1,0] [1,0] [1,0] [1,0] [1,0] [1,0] [1,0] [1,0] [1,0] [1,0] [1,0] [1,0] [1,0] [1,0] [1,0] [1,0] [1,0] [1,0] [1,0] [1,0] [1,0] [1,0] [1,0] [1,0] [1,0] [1,0] [1,0] [1,0] [1,0] [1,0] [1,0] [1,0] [1,0] [1,0] [1,0]
[1,0] [1,0] [1,0] [1,0] [1,0] [1,0] [1,0] [1,0] [1,0] [1,0] [1,0] [1,0] [1,0] [1,0] [1,0] [1,0] [1,0] [1,0] [1,0] [1,0] [1,0] [1,0] [1,0] [1,0] [1,0] [1,0] [1,0] [1,0] [1,0] [1,0] [1,0] [1,0] [1,0] [1,0] [1,0] [1,0] [1,0] [1,0] [1,0] [1,0] [1,0] [1,0] [1,0] [1,0] [1,0] [1,0] [1,0] [1,0] [1,0] [1,0] [1,0] [1,0] [1,0] [1,0] [1,0] [1,0] [1,0] [1,0] [1,0] [1,0] [1,0] [1,0] [1,0] [1,0] [1,0] [1,0] [1,0] [1,0] [1,0] [1,0] [1,0] [1,0] [1,0] [1,0] [1,0] [1,0] [1,0] [1,0] [1,0] [1,0] [1,0] [1,0] [1,0] [1,0] [1,0] [1,0] [1,0] [1,0] [1,0] [1,0] [1,0] [1,0] [1,0] [1,0] [1,0] [1,0] [1,0] [1,0] [1,0] [1,0]
[1,0] [1,0] [1,0] [1,0] [1,0] [1,0] [1,0] [1,0] [1,0] [1,0] [1,0] [1,0] [1,0] [1,0] [1,0] [1,0] [1,0] [1,0] [1,0] [1,0] [1,0] [1,0] [1,0] [1,0] [1,0] [1,0] [1,0] [1,0] [1,0] [1,0] [1,0] [1,0] [1,0] [1,0] [1,0] [1,0] [1,0] [1,0] [1,0] [1,0] [1,0] [1,0] [1,0] [1,0] [1,0] [1,0] [1,0] [1,0] [1,0] [1,0] [1,0] [1,0] [1,0] [1,0] [1,0] [1,0] [1,0] [1,0] [1,0] [1,0] [1,0] [1,0] [1,0] [1,0] [1,0] [1,0] [1,0] [1,0] [1,0] [1,0] [1,0] [1,0] [1,0] [1,0] [1,0] [1,0] [1,0] [1,0] [1,0] [1,0] [1,0] [1,0] [1,0] [1,0] [1,0] [1,0] [1,0] [1,0] [1,0] [1,0] [1,0] [1,0] [1,0] [1,0] [1,0] [1,0] [1,0] [1,0] [1,0] [1,0]
[1,0] [1,0] [1,0] [1,0] [1,0] [1,0] [1,0] [1,0] [1,0] [1,0] [1,0] [1,0] [1,0] [1,0] [1,0] [1,0] [1,0] [1,0] [1,0] [1,0] [1,0] [1,0] [1,0] [1,0] [1,0] [1,0] [1,0] [1,0] [1,0] [1,0] [1,0] [1,0] [1,0] [1,0] [1,0] [1,0] [1,0] [1,0] [1,0] [1,0] [1,0] [1,0] [1,0] [1,0] [1,0] [1,0] [1,0] [1,0] [1,0] [1,0] [1,0] [1,0] [1,0] [1,0] [1,0] [1,0] [1,0] [1,0] [1,0] [1,0] [1,0] [1,0] [1,0] [1,0] [1,0] [1,0] [1,0] [1,0] [1,0] [1,0] [1,0] [1,0] [1,0] [1,0] [1,0] [1,0] [1,0] [1,0] [1,0] [1,0] [1,0] [1,0] [1,0] [1,0] [1,0] [1,0] [1,0] [1,0] [1,0] [1,0] [1,0] [1,0] [1,0] [1,0] [1,0] [1,0] [1,0] [1,0] [1,0] [1,0]
[1,0] [1,0] [1,0] [1,0] [1,0] [1,0] [1,0] [1,0] [1,0] [1,0] [1,0] [1,0] [1,0] [1,0] [1,0] [1,0] [1,0] [1,0] [1,0] [1,0] [1,0] [1,0] [1,0] [1,0] [1,0] [1,0] [1,0] [1,0] [1,0] [1,0] [1,0] [1,0] [1,0] [1,0] [1,0] [1,0] [1,0] [1,0] [1,0] [1,0] [1,0] [1,0] [1,0] [1,0] [1,0] [1,0] [1,0] [1,0] [1,0] [1,0] [1,0] [1,0] [1,0] [1,0] [1,0] [1,0] [1,0] [1,0] [1,0] [1,0] [1,0] [1,0] [1,0] [1,0] [1,0] [1,0] [1,0] [1,0] [1,0] [1,0] [1,0] [1,0] [1,0] [1,0] [1,0] [1,0] [1,0] [1,0] [1,0] [1,0] [1,0] [1,0] [1,0] [1,0] [1,0] [1,0] [1,0] [1,0] [1,0] [1,0] [1,0] [1,0] [1,0] [1,0] [1,0] [1,0] [1,0] [1,0] [1,0] [1,0]
[1,0] [1,0] [1,0] [1,0] [1,0] [1,0] [1,0] [1,0] [1,0] [1,0] [1,0] [1,0] [1,0] [1,0] [1,0] [1,0] [1,0] [1,0] [1,0] [1,0] [1,0] [1,0] [1,0] [1,0] [1,0] [1,0] [1,0] [1,0] [1,0] [1,0] [1,0] [1,0] [1,0] [1,0] [1,0] [1,0] [1,0] [1,0] [1,0] [1,0] [1,0] [1,0] [1,0] [1,0] [1,0] [1,0] [1,0] [1,0] [1,0] [1,0] [1,0] [1,0] [1,0] [1,0] [1,0] [1,0] [1,0] [1,0] [1,0] [1,0] [1,0] [1,0] [1,0] [1,0] [1,0] [1,0] [1,0] [1,0] [1,0] [1,0] [1,0] [1,0] [1,0] [1,0] [1,0] [1,0] [1,0] [1,0] [1,0] [1,0] [1,0] [1,0] [1,0] [1,0] [1,0] [1,0] [1,0] [1,0] [1,0] [1,0] [1,0] [1,0] [1,0] [1,0] [1,0] [1,0] [1,0] [1,0] [1,0] [1,0]
[1,0] [1,0] [1,0] [1,0] [1,0] [1,0] [1,0] [1,0] [1,0] [1,0] [1,0] [1,0] [1,0] [1,0] [1,0] [1,0] [1,0] [1,0] [1,0] [1,0] [1,0] [1,0] [1,0] [1,0] [1,0] [1,0] [1,0] [1,0] [1,0] [1,0] [1,0] [1,0] [1,0] [1,0] [1,0] [1,0] [1,0] [1,0] [1,0] [1,0] [1,0] [1,0] [1,0] [1,0] [1,0] [1,0] [1,0] [1,0] [1,0] [1,0] [1,0] [1,0] [1,0] [1,0] [1,0] [1,0] [1,0] [1,0] [1,0] [1,0] [1,0] [1,0] [1,0] [1,0] [1,0] [1,0] [1,0] [1,0] [1,0] [1,0] [1,0] [1,0] [1,0] [1,0] [1,0] [1,0] [1,0] [1,0] [1,0] [1,0] [1,0] [1,0] [1,0] [1,0] [1,0] [1,0] [1,0] [1,0] [1,0] [1,0] [1,0] [1,0] [1,0] [1,0] [1,0] [1,0] [1,0] [1,0] [1,0] [1,0]
[1,0] [1,0] [1,0] [1,0] [1,0] [1,0] [1,0] [1,0] [1,0] [1,0] [1,0] [1,0] [1,0] [1,0] [1,0] [1,0] [1,0] [1,0] [1,0] [1,0] [1,0] [1,0] [1,0] [1,0] [1,0] [1,0] [1,0] [1,0] [1,0] [1,0] [1,0] [1,0] [1,0] [1,0] [1,0] [1,0] [1,0] [1,0] [1,0] [1,0] [1,0] [1,0] [1,0] [1,0] [1,0] [1,0] [1,0] [1,0] [1,0] [1,0] [1,0] [1,0] [1,0] [1,0] [1,0] [1,0] [1,0] [1,0] [1,0] [1,0] [1,0] [1,0] [1,0] [1,0] [1,0] [1,0] [1,0] [1,0] [1,0] [1,0] [1,0] [1,0] [1,0] [1,0] [1,0] [1,0] [1,0] [1,0] [1,0] [1,0] [1,0] [1,0] [1,0] [1,0] [1,0] [1,0] [1,0] [1,0] [1,0] [1,0] [1,0] [1,0] [1,0] [1,0] [1,0] [1,0] [1,0] [1,0] [1,0] [1,0]
[1,0] [1,0] [1,0] [1,0] [1,0] [1,0] [1,0] [1,0] [1,0] [1,0] [1,0] [1,0] [1,0] [1,0] [1,0] [1,0] [1,0] [1,0] [1,0] [1,0] [1,0] [1,0] [1,0] [1,0] [1,0] [1,0] [1,0] [1,0] [1,0] [1,0] [1,0] [1,0] [1,0] [1,0] [1,0] [1,0] [1,0] [1,0] [1,0] [1,0] [1,0] [1,0] [1,0] [1,0] [1,0] [1,0] [1,0] [1,0] [1,0] [1,0] [1,0] [1,0] [1,0] [1,0] [1,0] [1,0] [1,0] [1,0] [1,0] [1,0] [1,0] [1,0] [1,0] [1,0] [1,0] [1,0] [1,0] [1,0] [1,0] [1,0] [1,0] [1,0] [1,0] [1,0] [1,0] [1,0] [1,0] [1,0] [1,0] [1,0] [1,0] [1,0] [1,0] [1,0] [1,0] [1,0] [1,0] [1,0] [1,0] [1,0] [1,0] [1,0] [1,0] [1,0] [1,0] [1,0] [1,0] [1,0] [1,0] [1,0]
[1,0] [1,0] [1,0] [1,0] [1,0] [1,0] [1,0] [1,0] [1,0] [1,0] [1,0] [1,0] [1,0] [1,0] [1,0] [1,0] [1,0] [1,0] [1,0] [1,0] [1,0] [1,0] [1,0] [1,0] [1,0] [1,0] [1,0] [1,0] [1,0] [1,0] [1,0] [1,0] [1,0] [1,0] [1,0] [1,0] [1,0] [1,0] [1,0] [1,0] [1,0] [1,0] [1,0] [1,0] [1,0] [1,0] [1,0] [1,0] [1,0] [1,0] [1,0] [1,0] [1,0] [1,0] [1,0] [1,0] [1,0] [1,0] [1,0] [1,0] [1,0] [1,0] [1,0] [1,0] [1,0] [1,0] [1,0] [1,0] [1,0] [1,0] [1,0] [1,0] [1,0] [1,0] [1,0] [1,0] [1,0] [1,0] [1,0] [1,0] [1,0] [1,0] [1,0] [1,0] [1,0] [1,0] [1,0] [1,0] [1,0] [1,0] [1,0] [1,0] [1,0] [1,0] [1,0] [1,0] [1,0] [1,0] [1,0] [1,0]
[1,0] [1,0] [1,0] [1,0] [1,0] [1,0] [1,0] [1,0] [1,0] [1,0] [1,0] [1,0] [1,0] [1,0] [1,0] [1,0] [1,0] [1,0] [1,0] [1,0] [1,0] [1,0] [1,0] [1,0] [1,0] [1,0] [1,0] [1,0] [1,0] [1,0] [1,0] [1,0] [1,0] [1,0] [1,0] [1,0] [1,0] [1,0] [1,0] [1,0] [1,0] [1,0] [1,0] [1,0] [1,0] [1,0] [1,0] [1,0] [1,0] [1,0] [1,0] [1,0] [1,0] [1,0] [1,0] [1,0] [1,0] [1,0] [1,0] [1,0] [1,0] [1,0] [1,0] [1,0] [1,0] [1,0] [1,0] [1,0] [1,0] [1,0] [1,0] [1,0] [1,0] [1,0] [1,0] [1,0] [1,0] [1,0] [1,0] [1,0] [1,0] [1,0] [1,0] [1,0] [1,0] [1,0] [1,0] [1,0] [1,0] [1,0] [1,0] [1,0] [1,0] [1,0] [1,0] [1,0] [1,0] [1,0] [1,0] [1,0]
[1,0] [1,0] [1,0] [1,0] [1,0] [1,0] [1,0] [1,0] [1,0] [1,0] [1,0] [1,0] [1,0] [1,0] [1,0] [1,0] [1,0] [1,0] [1,0] [1,0] [1,0] [1,0] [1,0] [1,0] [1,0] [1,0] [1,0] [1,0] [1,0] [1,0] [1,0] [1,0] [1,0] [1,0] [1,0] [1,0] [1,0] [1,0] [1,0] [1,0] [1,0] [1,0] [1,0] [1,0] [1,0] [1,0] [1,0] [1,0] [1,0] [1,0] [1,0] [1,0] [1,0] [1,0] [1,0] [1,0] [1,0] [1,0] [1,0] [1,0] [1,0] [1,0] [1,0] [1,0] [1,0] [1,0] [1,0] [1,0] [1,0] [1,0] [1,0] [1,0] [1,0] [1,0] [1,0] [1,0] [1,0] [1,0] [1,0] [1,0] [1,0] [1,0] [1,0] [1,0] [1,0] [1,0] [1,0] [1,0] [1,0] [1,0] [1,0] [1,0] [1,0] [1,0] [1,0] [1,0] [1,0] [1,0] [1,0] [1,0]
[1,0] [1,0] [1,0] [1,0] [1,0] [1,0] [1,0] [1,0] [1,0] [1,0] [1,0] [1,0] [1,0] [1,0] [1,0] [1,0] [1,0] [1,0] [1,0] [1,0] [1,0] [1,0] [1,0] [1,0] [1,0] [1,0] [1,0] [1,0] [1,0] [1,0] [1,0] [1,0] [1,0] [1,0] [1,0] [1,0] [1,0] [1,0] [1,0] [1,0] [1,0] [1,0] [1,0] [1,0] [1,0] [1,0] [1,0] [1,0] [1,0] [1,0] [1,0] [1,0] [1,0] [1,0] [1,0] [1,0] [1,0] [1,0] [1,0] [1,0] [1,0] [1,0] [1,0] [1,0] [1,0] [1,0] [1,0] [1,0] [1,0] [1,0] [1,0] [1,0] [1,0] [1,0] [1,0] [1,0] [1,0] [1,0] [1,0] [1,0] [1,0] [1,0] [1,0] [1,0] [1,0] [1,0] [1,0] [1,0] [1,0] [1,0] [1,0] [1,0] [1,0] [1,0] [1,0] [1,0] [1,0] [1,0] [1,0] [1,0]
[1,0] [1,0] [1,0] [1,0] [1,0] [1,0] [1,0] [1,0] [1,0] [1,0] [1,0] [1,0] [1,0] [1,0] [1,0] [1,0] [1,0] [1,0] [1,0] [1,0] [1,0] [1,0] [1,0] [1,0] [1,0] [1,0] [1,0] [1,0] [1,0] [1,0] [1,0] [1,0] [1,0] [1,0] [1,0] [1,0] [1,0] [1,0] [1,0] [1,0] [1,0] [1,0] [1,0] [1,0] [1,0] [1,0] [1,0] [1,0] [1,0] [1,0] [1,0] [1,0] [1,0] [1,0] [1,0] [1,0] [1,0] [1,0] [1,0] [1,0] [1,0] [1,0] [1,0] [1,0] [1,0] [1,0] [1,0] [1,0] [1,0] [1,0] [1,0] [1,0] [1,0] [1,0] [1,0] [1,0] [1,0] [1,0] [1,0] [1,0] [1,0] [1,0] [1,0] [1,0] [1,0] [1,0] [1,0] [1,0] [1,0] [1,0] [1,0] [1,0] [1,0] [1,0] [1,0] [1,0] [1,0] [1,0] [1,0] [1,0]
[1,0] [1,0] [1,0] [1,0] [1,0] [1,0] [1,0] [1,0] [1,0] [1,0] [1,0] [1,0] [1,0] [1,0] [1,0] [1,0] [1,0] [1,0] [1,0] [1,0] [1,0] [1,0] [1,0] [1,0] [1,0] [1,0] [1,0] [1,0] [1,0] [1,0] [1,0] [1,0] [1,0] [1,0] [1,0] [1,0] [1,0] [1,0] [1,0] [1,0] [1,0] [1,0] [1,0] [1,0] [1,0] [1,0] [1,0] [1,0] [1,0] [1,0] [1,0] [1,0] [1,0] [1,0] [1,0] [1,0] [1,0] [1,0] [1,0] [1,0] [1,0] [1,0] [1,0] [1,0] [1,0] [1,0] [1,0] [1,0] [1,0] [1,0] [1,0] [1,0] [1,0] [1,0] [1,0] [1,0] [1,0] [1,0] [1,0] [1,0] [1,0] [1,0] [1,0] [1,0] [1,0] [1,0] [1,0] [1,0] [1,0] [1,0] [1,0] [1,0] [1,0] [1,0] [1,0] [1,0] [1,0] [1,0] [1,0] [1,0]
[1,0] [1,0] [1,0] [1,0] [1,0] [1,0] [1,0] [1,0] [1,0] [1,0] [1,0] [1,0] [1,0] [1,0] [1,0] [1,0] [1,0] [1,0] [1,0] [1,0] [1,0] [1,0] [1,0] [1,0] [1,0] [1,0] [1,0] [1,0] [1,0] [1,0] [1,0] [1,0] [1,0] [1,0] [1,0] [1,0] [1,0] [1,0] [1,0] [1,0] [1,0] [1,0] [1,0] [1,0] [1,0] [1,0] [1,0] [1,0] [1,0] [1,0] [1,0] [1,0] [1,0] [1,0] [1,0] [1,0] [1,0] [1,0] [1,0] [1,0] [1,0] [1,0] [1,0] [1,0] [1,0] [1,0] [1,0] [1,0] [1,0] [1,0] [1,0] [1,0] [1,0] [1,0] [1,0] [1,0] [1,0] [1,0] [1,0] [1,0] [1,0] [1,0] [1,0] [1,0] [1,0] [1,0] [1,0] [1,0] [1,0] [1,0] [1,0] [1,0] [1,0] [1,0] [1,0] [1,0] [1,0] [1,0] [1,0] [1,0]
[1,0] [1,0] [1,0] [1,0] [1,0] [1,0] [1,0] [1,0] [1,0] [1,0] [1,0] [1,0] [1,0] [1,0] [1,0] [1,0] [1,0] [1,0] [1,0] [1,0] [1,0] [1,0] [1,0] [1,0] [1,0] [1,0] [1,0] [1,0] [1,0] [1,0] [1,0] [1,0] [1,0] [1,0] [1,0] [1,0] [1,0] [1,0] [1,0] [1,0] [1,0] [1,0] [1,0] [1,0] [1,0] [1,0] [1,0] [1,0] [1,0] [1,0] [1,0] [1,0] [1,0] [1,0] [1,0] [1,0] [1,0] [1,0] [1,0] [1,0] [1,0] [1,0] [1,0] [1,0] [1,0] [1,0] [1,0] [1,0] [1,0] [1,0] [1,0] [1,0] [1,0] [1,0] [1,0] [1,0] [1,0] [1,0] [1,0] [1,0] [1,0] [1,0] [1,0] [1,0] [1,0] [1,0] [1,0] [1,0] [1,0] [1,0] [1,0] [1,0] [1,0] [1,0] [1,0] [1,0] [1,0] [1,0] [1,0] [1,0]
[1,0] [1,0] [1,0] [1,0] [1,0] [1,0] [1,0] [1,0] [1,0] [1,0] [1,0] [1,0] [1,0] [1,0] [1,0] [1,0] [1,0] [1,0] [1,0] [1,0] [1,0] [1,0] [1,0] [1,0] [1,0] [1,0] [1,0] [1,0] [1,0] [1,0] [1,0] [1,0] [1,0] [1,0] [1,0] [1,0] [1,0] [1,0] [1,0] [1,0] [1,0] [1,0] [1,0] [1,0] [1,0] [1,0] [1,0] [1,0] [1,0] [1,0] [1,0] [1,0] [1,0] [1,0] [1,0] [1,0] [1,0] [1,0] [1,0] [1,0] [1,0] [1,0] [1,0] [1,0] [1,0] [1,0] [1,0] [1,0] [1,0] [1,0] [1,0] [1,0] [1,0] [1,0] [1,0] [1,0] [1,0] [1,0] [1,0] [1,0] [1,0] [1,0] [1,0] [1,0] [1,0] [1,0] [1,0] [1,0] [1,0] [1,0] [1,0] [1,0] [1,0] [1,0] [1,0] [1,0] [1,0] [1,0] [1,0] [1,0]
[1,0] [1,0] [1,0] [1,0] [1,0] [1,0] [1,0] [1,0] [1,0] [1,0] [1,0] [1,0] [1,0] [1,0] [1,0] [1,0] [1,0] [1,0] [1,0] [1,0] [1,0] [1,0] [1,0] [1,0] [1,0] [1,0] [1,0] [1,0] [1,0] [1,0] [1,0] [1,0] [1,0] [1,0] [1,0] [1,0] [1,0] [1,0] [1,0] [1,0] [1,0] [1,0] [1,0] [1,0] [1,0] [1,0] [1,0] [1,0] [1,0] [1,0] [1,0] [1,0] [1,0] [1,0] [1,0] [1,0] [1,0] [1,0] [1,0] [1,0] [1,0] [1,0] [1,0] [1,0] [1,0] [1,0] [1,0] [1,0] [1,0] [1,0] [1,0] [1,0] [1,0] [1,0] [1,0] [1,0] [1,0] [1,0] [1,0] [1,0] [1,0] [1,0] [1,0] [1,0] [1,0] [1,0] [1,0] [1,0] [1,0] [1,0] [1,0] [1,0] [1,0] [1,0] [1,0] [1,0] [1,0] [1,0] [1,0] [1,0]
[1,0] [1,0] [1,0] [1,0] [1,0] [1,0] [1,0] [1,0] [1,0] [1,0] [1,0] [1,0] [1,0] [1,0] [1,0] [1,0] [1,0] [1,0] [1,0] [1,0] [1,0] [1,0] [1,0] [1,0] [1,0] [1,0] [1,0] [1,0] [1,0] [1,0] [1,0] [1,0] [1,0] [1,0] [1,0] [1,0] [1,0] [1,0] [1,0] [1,0] [1,0] [1,0] [1,0] [1,0] [1,0] [1,0] [1,0] [1,0] [1,0] [1,0] [1,0] [1,0] [1,0] [1,0] [1,0] [1,0] [1,0] [1,0] [1,0] [1,0] [1,0] [1,0] [1,0] [1,0] [1,0] [1,0] [1,0] [1,0] [1,0] [1,0] [1,0] [1,0] [1,0] [1,0] [1,0] [1,0] [1,0] [1,0] [1,0] [1,0] [1,0] [1,0] [1,0] [1,0] [1,0] [1,0] [1,0] [1,0] [1,0] [1,0] [1,0] [1,0] [1,0] [1,0] [1,0] [1,0] [1,0] [1,0] [1,0] [1,0]
[1,0] [1,0] [1,0] [1,0] [1,0] [1,0] [1,0] [1,0] [1,0] [1,0] [1,0] [1,0] [1,0] [1,0] [1,0] [1,0] [1,0] [1,0] [1,0] [1,0] [1,0] [1,0] [1,0] [1,0] [1,0] [1,0] [1,0] [1,0] [1,0] [1,0] [1,0] [1,0] [1,0] [1,0] [1,0] [1,0] [1,0] [1,0] [1,0] [1,0] [1,0] [1,0] [1,0] [1,0] [1,0] [1,0] [1,0] [1,0] [1,0] [1,0] [1,0] [1,0] [1,0] [1,0] [1,0] [1,0] [1,0] [1,0] [1,0] [1,0] [1,0] [1,0] [1,0] [1,0] [1,0] [1,0] [1,0] [1,0] [1,0] [1,0] [1,0] [1,0] [1,0] [1,0] [1,0] [1,0] [1,0] [1,0] [1,0] [1,0] [1,0] [1,0] [1,0] [1,0] [1,0] [1,0] [1,0] [1,0] [1,0] [1,0] [1,0] [1,0] [1,0] [1,0] [1,0] [1,0] [1,0] [1,0] [1,0] [1,0]
[1,0] [1,0] [1,0] [1,0] [1,0] [1,0] [1,0] [1,0] [1,0] [1,0] [1,0] [1,0] [1,0] [1,0] [1,0] [1,0] [1,0] [1,0] [1,0] [1,0] [1,0] [1,0] [1,0] [1,0] [1,0] [1,0] [1,0] [1,0] [1,0] [1,0] [1,0] [1,0] [1,0] [1,0] [1,0] [1,0] [1,0] [1,0] [1,0] [1,0] [1,0] [1,0] [1,0] [1,0] [1,0] [1,0] [1,0] [1,0] [1,0] [1,0] [1,0] [1,0] [1,0] [1,0] [1,0] [1,0] [1,0] [1,0] [1,0] [1,0] [1,0] [1,0] [1,0] [1,0] [1,0] [1,0] [1,0] [1,0] [1,0] [1,0] [1,0] [1,0] [1,0] [1,0] [1,0] [1,0] [1,0] [1,0] [1,0] [1,0] [1,0] [1,0] [1,0] [1,0] [1,0] [1,0] [1,0] [1,0] [1,0] [1,0] [1,0] [1,0] [1,0] [1,0] [1,0] [1,0] [1,0] [1,0] [1,0] [1,0]
[1,0] [1,0] [1,0] [1,0] [1,0] [1,0] [1,0] [1,0] [1,0] [1,0] [1,0] [1,0] [1,0] [1,0] [1,0] [1,0] [1,0] [1,0] [1,0] [1,0] [1,0] [1,0] [1,0] [1,0] [1,0] [1,0] [1,0] [1,0] [1,0] [1,0] [1,0] [1,0] [1,0] [1,0] [1,0] [1,0] [1,0] [1,0] [1,0] [1,0] [1,0] [1,0] [1,0] [1,0] [1,0] [1,0] [1,0] [1,0] [1,0] [1,0] [1,0] [1,0] [1,0] [1,0] [1,0] [1,0] [1,0] [1,0] [1,0] [1,0] [1,0] [1,0] [1,0] [1,0] [1,0] [1,0] [1,0] [1,0] [1,0] [1,0] [1,0] [1,0] [1,0] [1,0] [1,0] [1,0] [1,0] [1,0] [1,0] [1,0] [1,0] [1,0] [1,0] [1,0] [1,0] [1,0] [1,0] [1,0] [1,0] [1,0] [1,0] [1,0] [1,0] [1,0] [1,0] [1,0] [1,0] [1,0] [1,0] [1,0]
[1,0] [1,0] [1,0] [1,0] [1,0] [1,0] [1,0] [1,0] [1,0] [1,0] [1,0] [1,0] [1,0] [1,0] [1,0] [1,0] [1,0] [1,0] [1,0] [1,0] [1,0] [1,0] [1,0] [1,0] [1,0] [1,0] [1,0] [1,0] [1,0] [1,0] [1,0] [1,0] [1,0] [1,0] [1,0] [1,0] [1,0] [1,0] [1,0] [1,0] [1,0] [1,0] [1,0] [1,0] [1,0] [1,0] [1,0] [1,0] [1,0] [1,0] [1,0] [1,0] [1,0] [1,0] [1,0] [1,0] [1,0] [1,0] [1,0] [1,0] [1,0] [1,0] [1,0] [1,0] [1,0] [1,0] [1,0] [1,0] [1,0] [1,0] [1,0] [1,0] [1,0] [1,0] [1,0] [1,0] [1,0] [1,0] [1,0] [1,0] [1,0] [1,0] [1,0] [1,0] [1,0] [1,0] [1,0] [1,0] [1,0] [1,0] [1,0] [1,0] [1,0] [1,0] [1,0] [1,0] [1,0] [1,0] [1,0] [1,0]
[1,0] [1,0] [1,0] [1,0] [1,0] [1,0] [1,0] [1,0] [1,0] [1,0] [1,0] [1,0] [1,0] [1,0] [1,0] [1,0] [1,0] [1,0] [1,0] [1,0] [1,0] [1,0] [1,0] [1,0] [1,0] [1,0] [1,0] [1,0] [1,0] [1,0] [1,0] [1,0] [1,0] [1,0] [1,0] [1,0] [1,0] [1,0] [1,0] [1,0] [1,0] [1,0] [1,0] [1,0] [1,0] [1,0] [1,0] [1,0] [1,0] [1,0] [1,0] [1,0] [1,0] [1,0] [1,0] [1,0] [1,0] [1,0] [1,0] [1,0] [1,0] [1,0] [1,0] [1,0] [1,0] [1,0] [1,0] [1,0] [1,0] [1,0] [1,0] [1,0] [1,0] [1,0] [1,0] [1,0] [1,0] [1,0] [1,0] [1,0] [1,0] [1,0] [1,0] [1,0] [1,0] [1,0] [1,0] [1,0] [1,0] [1,0] [1,0] [1,0] [1,0] [1,0] [1,0] [1,0] [1,0] [1,0] [1,0] [1,0]
[1,0] [1,0] [1,0] [1,0] [1,0] [1,0] [1,0] [1,0] [1,0] [1,0] [1,0] [1,0] [1,0] [1,0] [1,0] [1,0] [1,0] [1,0] [1,0] [1,0] [1,0] [1,0] [1,0] [1,0] [1,0] [1,0] [1,0] [1,0] [1,0] [1,0] [1,0] [1,0] [1,0] [1,0] [1,0] [1,0] [1,0] [1,0] [1,0] [1,0] [1,0] [1,0] [1,0] [1,0] [1,0] [1,0] [1,0] [1,0] [1,0] [1,0] [1,0] [1,0] [1,0] [1,0] [1,0] [1,0] [1,0] [1,0] [1,0] [1,0] [1,0] [1,0] [1,0] [1,0] [1,0] [1,0] [1,0] [1,0] [1,0] [1,0] [1,0] [1,0] [1,0] [1,0] [1,0] [1,0] [1,0] [1,0] [1,0] [1,0] [1,0] [1,0] [1,0] [1,0] [1,0] [1,0] [1,0] [1,0] [1,0] [1,0] [1,0] [1,0] [1,0] [1,0] [1,0] [1,0] [1,0] [1,0] [1,0] [1,0]
[1,0] [1,0] [1,0] [1,0] [1,0] [1,0] [1,0] [1,0] [1,0] [1,0] [1,0] [1,0] [1,0] [1,0] [1,0] [1,0] [1,0] [1,0] [1,0] [1,0] [1,0] [1,0] [1,0] [1,0] [1,0] [1,0] [1,0] [1,0] [1,0] [1,0] [1,0] [1,0] [1,0] [1,0] [1,0] [1,0] [1,0] [1,0] [1,0] [1,0] [1,0] [1,0] [1,0] [1,0] [1,0] [1,0] [1,0] [1,0] [1,0] [1,0] [1,0] [1,0] [1,0] [1,0] [1,0] [1,0] [1,0] [1,0] [1,0] [1,0] [1,0] [1,0] [1,0] [1,0] [1,0] [1,0] [1,0] [1,0] [1,0] [1,0] [1,0] [1,0] [1,0] [1,0] [1,0] [1,0] [1,0] [1,0] [1,0] [1,0] [1,0] [1,0] [1,0] [1,0] [1,0] [1,0] [1,0] [1,0] [1,0] [1,0] [1,0] [1,0] [1,0] [1,0] [1,0] [1,0] [1,0] [1,0] [1,0] [1,0]
[1,0] [1,0] [1,0] [1,0] [1,0] [1,0] [1,0] [1,0] [1,0] [1,0] [1,0] [1,0] [1,0] [1,0] [1,0] [1,0] [1,0] [1,0] [1,0] [1,0] [1,0] [1,0] [1,0] [1,0] [1,0] [1,0] [1,0] [1,0] [1,0] [1,0] [1,0] [1,0] [1,0] [1,0] [1,0] [1,0] [1,0] [1,0] [1,0] [1,0] [1,0] [1,0] [1,0] [1,0] [1,0] [1,0] [1,0] [1,0] [1,0] [1,0] [1,0] [1,0] [1,0] [1,0] [1,0] [1,0] [1,0] [1,0] [1,0] [1,0] [1,0] [1,0] [1,0] [1,0] [1,0] [1,0] [1,0] [1,0] [1,0] [1,0] [1,0] [1,0] [1,0] [1,0] [1,0] [1,0] [1,0] [1,0] [1,0] [1,0] [1,0] [1,0] [1,0] [1,0] [1,0] [1,0] [1,0] [1,0] [1,0] [1,0] [1,0] [1,0] [1,0] [1,0] [1,0] [1,0] [1,0] [1,0] [1,0] [1,0]
[1,0] [1,0] [1,0] [1,0] [1,0] [1,0] [1,0] [1,0] [1,0] [1,0] [1,0] [1,0] [1,0] [1,0] [1,0] [1,0] [1,0] [1,0] [1,0] [1,0] [1,0] [1,0] [1,0] [1,0] [1,0] [1,0] [1,0] [1,0] [1,0] [1,0] [1,0] [1,0] [1,0] [1,0] [1,0] [1,0] [1,0] [1,0] [1,0] [1,0] [1,0] [1,0] [1,0] [1,0] [1,0] [1,0] [1,0] [1,0] [1,0] [1,0] [1,0] [1,0] [1,0] [1,0] [1,0] [1,0] [1,0] [1,0] [1,0] [1,0] [1,0] [1,0] [1,0] [1,0] [1,0] [1,0] [1,0] [1,0] [1,0] [1,0] [1,0] [1,0] [1,0] [1,0] [1,0] [1,0] [1,0] [1,0] [1,0] [1,0] [1,0] [1,0] [1,0] [1,0] [1,0] [1,0] [1,0] [1,0] [1,0] [1,0] [1,0] [1,0] [1,0] [1,0] [1,0] [1,0] [1,0] [1,0] [1,0] [1,0]
[1,0] [1,0] [1,0] [1,0] [1,0] [1,0] [1,0] [1,0] [1,0] [1,0] [1,0] [1,0] [1,0] [1,0] [1,0] [1,0] [1,0] [1,0] [1,0] [1,0] [1,0] [1,0] [1,0] [1,0] [1,0] [1,0] [1,0] [1,0] [1,0] [1,0] [1,0] [1,0] [1,0] [1,0] [1,0] [1,0] [1,0] [1,0] [1,0] [1,0] [1,0] [1,0] [1,0] [1,0] [1,0] [1,0] [1,0] [1,0] [1,0] [1,0] [1,0] [1,0] [1,0] [1,0] [1,0] [1,0] [1,0] [1,0] [1,0] [1,0] [1,0] [1,0] [1,0] [1,0] [1,0] [1,0] [1,0] [1,0] [1,0] [1,0] [1,0] [1,0] [1,0] [1,0] [1,0] [1,0] [1,0] [1,0] [1,0] [1,0] [1,0] [1,0] [1,0] [1,0] [1,0] [1,0] [1,0] [1,0] [1,0] [1,0] [1,0] [1,0] [1,0] [1,0] [1,0] [1,0] [1,0] [1,0] [1,0] [1,0]
[1,0] [1,0] [1,0] [1,0] [1,0] [1,0] [1,0] [1,0] [1,0] [1,0] [1,0] [1,0] [1,0] [1,0] [1,0] [1,0] [1,0] [1,0] [1,0] [1,0] [1,0] [1,0] [1,0] [1,0] [1,0] [1,0] [1,0] [1,0] [1,0] [1,0] [1,0] [1,0] [1,0] [1,0] [1,0] [1,0] [1,0] [1,0] [1,0] [1,0] [1,0] [1,0] [1,0] [1,0] [1,0] [1,0] [1,0] [1,0] [1,0] [1,0] [1,0] [1,0] [1,0] [1,0] [1,0] [1,0] [1,0] [1,0] [1,0] [1,0] [1,0] [1,0] [1,0] [1,0] [1,0] [1,0] [1,0] [1,0] [1,0] [1,0] [1,0] [1,0] [1,0] [1,0] [1,0] [1,0] [1,0] [1,0] [1,0] [1,0] [1,0] [1,0] [1,0] [1,0] [1,0] [1,0] [1,0] [1,0] [1,0] [1,0] [1,0] [1,0] [1,0] [1,0] [1,0] [1,0] [1,0] [1,0] [1,0] [1,0]
[1,0] [1,0] [1,0] [1,0] [1,0] [1,0] [1,0] [1,0] [1,0] [1,0] [1,0] [1,0] [1,0] [1,0] [1,0] [1,0] [1,0] [1,0] [1,0] [1,0] [1,0] [1,0] [1,0] [1,0] [1,0] [1,0] [1,0] [1,0] [1,0] [1,0] [1,0] [1,0] [1,0] [1,0] [1,0] [1,0] [1,0] [1,0] [1,0] [1,0] [1,0] [1,0] [1,0] [1,0] [1,0] [1,0] [1,0] [1,0] [1,0] [1,0] [1,0] [1,0] [1,0] [1,0] [1,0] [1,0] [1,0] [1,0] [1,0] [1,0] [1,0] [1,0] [1,0] [1,0] [1,0] [1,0] [1,0] [1,0] [1,0] [1,0] [1,0] [1,0] [1,0] [1,0] [1,0] [1,0] [1,0] [1,0] [1,0] [1,0] [1,0] [1,0] [1,0] [1,0] [1,0] [1,0] [1,0] [1,0] [1,0] [1,0] [1,0] [1,0] [1,0] [1,0] [1,0] [1,0] [1,0] [1,0] [1,0] [1,0]
[1,0] [1,0] [1,0] [1,0] [1,0] [1,0] [1,0] [1,0] [1,0] [1,0] [1,0] [1,0] [1,0] [1,0] [1,0] [1,0] [1,0] [1,0] [1,0] [1,0] [1,0] [1,0] [1,0] [1,0] [1,0] [1,0] [1,0] [1,0] [1,0] [1,0] [1,0] [1,0] [1,0] [1,0] [1,0] [1,0] [1,0] [1,0] [1,0] [1,0] [1,0] [1,0] [1,0] [1,0] [1,0] [1,0] [1,0] [1,0] [1,0] [1,0] [1,0] [1,0] [1,0] [1,0] [1,0] [1,0] [1,0] [1,0] [1,0] [1,0] [1,0] [1,0] [1,0] [1,0] [1,0] [1,0] [1,0] [1,0] [1,0] [1,0] [1,0] [1,0] [1,0] [1,0] [1,0] [1,0] [1,0] [1,0] [1,0] [1,0] [1,0] [1,0] [1,0] [1,0] [1,0] [1,0] [1,0] [1,0] [1,0] [1,0] [1,0] [1,0] [1,0] [1,0] [1,0] [1,0] [1,0] [1,0] [1,0] [1,0]
[1,0] [1,0] [1,0] [1,0] [1,0] [1,0] [1,0] [1,0] [1,0] [1,0] [1,0] [1,0] [1,0] [1,0] [1,0] [1,0] [1,0] [1,0] [1,0] [1,0] [1,0] [1,0] [1,0] [1,0] [1,0] [1,0] [1,0] [1,0] [1,0] [1,0] [1,0] [1,0] [1,0] [1,0] [1,0] [1,0] [1,0] [1,0] [1,0] [1,0] [1,0] [1,0] [1,0] [1,0] [1,0] [1,0] [1,0] [1,0] [1,0] [1,0] [1,0] [1,0] [1,0] [1,0] [1,0] [1,0] [1,0] [1,0] [1,0] [1,0] [1,0] [1,0] [1,0] [1,0] [1,0] [1,0] [1,0] [1,0] [1,0] [1,0] [1,0] [1,0] [1,0] [1,0] [1,0] [1,0] [1,0] [1,0] [1,0] [1,0] [1,0] [1,0] [1,0] [1,0] [1,0] [1,0] [1,0] [1,0] [1,0] [1,0] [1,0] [1,0] [1,0] [1,0] [1,0] [1,0] [1,0] [1,0] [1,0] [1,0]
[1,0] [1,0] [1,0] [1,0] [1,0] [1,0] [1,0] [1,0] [1,0] [1,0] [1,0] [1,0] [1,0] [1,0] [1,0] [1,0] [1,0] [1,0] [1,0] [1,0] [1,0] [1,0] [1,0] [1,0] [1,0] [1,0] [1,0] [1,0] [1,0] [1,0] [1,0] [1,0] [1,0] [1,0] [1,0] [1,0] [1,0] [1,0] [1,0] [1,0] [1,0] [1,0] [1,0] [1,0] [1,0] [1,0] [1,0] [1,0] [1,0] [1,0] [1,0] [1,0] [1,0] [1,0] [1,0] [1,0] [1,0] [1,0] [1,0] [1,0] [1,0] [1,0] [1,0] [1,0] [1,0] [1,0] [1,0] [1,0] [1,0] [1,0] [1,0] [1,0] [1,0] [1,0] [1,0] [1,0] [1,0] [1,0] [1,0] [1,0] [1,0] [1,0] [1,0] [1,0] [1,0] [1,0] [1,0] [1,0] [1,0] [1,0] [1,0] [1,0] [1,0] [1,0] [1,0] [1,0] [1,0] [1,0] [1,0] [1,0]
[1,0] [1,0] [1,0] [1,0] [1,0] [1,0] [1,0] [1,0] [1,0] [1,0] [1,0] [1,0] [1,0] [1,0] [1,0] [1,0] [1,0] [1,0] [1,0] [1,0] [1,0] [1,0] [1,0] [1,0] [1,0] [1,0] [1,0] [1,0] [1,0] [1,0] [1,0] [1,0] [1,0] [1,0] [1,0] [1,0] [1,0] [1,0] [1,0] [1,0] [1,0] [1,0] [1,0] [1,0] [1,0] [1,0] [1,0] [1,0] [1,0] [1,0] [1,0] [1,0] [1,0] [1,0] [1,0] [1,0] [1,0] [1,0] [1,0] [1,0] [1,0] [1,0] [1,0] [1,0] [1,0] [1,0] [1,0] [1,0] [1,0] [1,0] [1,0] [1,0] [1,0] [1,0] [1,0] [1,0] [1,0] [1,0] [1,0] [1,0] [1,0] [1,0] [1,0] [1,0] [1,0] [1,0] [1,0] [1,0] [1,0] [1,0] [1,0] [1,0] [1,0] [1,0] [1,0] [1,0] [1,0] [1,0] [1,0] [1,0]
[1,0] [1,0] [1,0] [1,0] [1,0] [1,0] [1,0] [1,0] [1,0] [1,0] [1,0] [1,0] [1,0] [1,0] [1,0] [1,0] [1,0] [1,0] [1,0] [1,0] [1,0] [1,0] [1,0] [1,0] [1,0] [1,0] [1,0] [1,0] [1,0] [1,0] [1,0] [1,0] [1,0] [1,0] [1,0] [1,0] [1,0] [1,0] [1,0] [1,0] [1,0] [1,0] [1,0] [1,0] [1,0] [1,0] [1,0] [1,0] [1,0] [1,0] [1,0] [1,0] [1,0] [1,0] [1,0] [1,0] [1,0] [1,0] [1,0] [1,0] [1,0] [1,0] [1,0] [1,0] [1,0] [1,0] [1,0] [1,0] [1,0] [1,0] [1,0] [1,0] [1,0] [1,0] [1,0] [1,0] [1,0] [1,0] [1,0] [1,0] [1,0] [1,0] [1,0] [1,0] [1,0] [1,0] [1,0] [1,0] [1,0] [1,0] [1,0] [1,0] [1,0] [1,0] [1,0] [1,0] [1,0] [1,0] [1,0] [1,0]
[1,0] [1,0] [1,0] [1,0] [1,0] [1,0] [1,0] [1,0] [1,0] [1,0] [1,0] [1,0] [1,0] [1,0] [1,0] [1,0] [1,0] [1,0] [1,0] [1,0] [1,0] [1,0] [1,0] [1,0] [1,0] [1,0] [1,0] [1,0] [1,0] [1,0] [1,0] [1,0] [1,0] [1,0] [1,0] [1,0] [1,0] [1,0] [1,0] [1,0] [1,0] [1,0] [1,0] [1,0] [1,0] [1,0] [1,0] [1,0] [1,0] [1,0] [1,0] [1,0] [1,0] [1,0] [1,0] [1,0] [1,0] [1,0] [1,0] [1,0] [1,0] [1,0] [1,0] [1,0] [1,0] [1,0] [1,0] [1,0] [1,0] [1,0] [1,0] [1,0] [1,0] [1,0] [1,0] [1,0] [1,0] [1,0] [1,0] [1,0] [1,0] [1,0] [1,0] [1,0] [1,0] [1,0] [1,0] [1,0] [1,0] [1,0] [1,0] [1,0] [1,0] [1,0] [1,0] [1,0] [1,0] [1,0] [1,0] [1,0]
[1,0] [1,0] [1,0] [1,0] [1,0] [1,0] [1,0] [1,0] [1,0] [1,0] [1,0] [1,0] [1,0] [1,0] [1,0] [1,0] [1,0] [1,0] [1,0] [1,0] [1,0] [1,0] [1,0] [1,0] [1,0] [1,0] [1,0] [1,0] [1,0] [1,0] [1,0] [1,0] [1,0] [1,0] [1,0] [1,0] [1,0] [1,0] [1,0] [1,0] [1,0] [1,0] [1,0] [1,0] [1,0] [1,0] [1,0] [1,0] [1,0] [1,0] [1,0] [1,0] [1,0] [1,0] [1,0] [1,0] [1,0] [1,0] [1,0] [1,0] [1,0] [1,0] [1,0] [1,0] [1,0] [1,0] [1,0] [1,0] [1,0] [1,0] [1,0] [1,0] [1,0] [1,0] [1,0] [1,0] [1,0] [1,0] [1,0] [1,0] [1,0] [1,0] [1,0] [1,0] [1,0] [1,0] [1,0] [1,0] [1,0] [1,0] [1,0] [1,0] [1,0] [1,0] [1,0] [1,0] [1,0] [1,0] [1,0] [1,0]
[1,0] [1,0] [1,0] [1,0] [1,0] [1,0] [1,0] [1,0] [1,0] [1,0] [1,0] [1,0] [1,0] [1,0] [1,0] [1,0] [1,0] [1,0] [1,0] [1,0] [1,0] [1,0] [1,0] [1,0] [1,0] [1,0] [1,0] [1,0] [1,0] [1,0] [1,0] [1,0] [1,0] [1,0] [1,0] [1,0] [1,0] [1,0] [1,0] [1,0] [1,0] [1,0] [1,0] [1,0] [1,0] [1,0] [1,0] [1,0] [1,0] [1,0] [1,0] [1,0] [1,0] [1,0] [1,0] [1,0] [1,0] [1,0] [1,0] [1,0] [1,0] [1,0] [1,0] [1,0] [1,0] [1,0] [1,0] [1,0] [1,0] [1,0] [1,0] [1,0] [1,0] [1,0] [1,0] [1,0] [1,0] [1,0] [1,0] [1,0] [1,0] [1,0] [1,0] [1,0] [1,0] [1,0] [1,0] [1,0] [1,0] [1,0] [1,0] [1,0] [1,0] [1,0] [1,0] [1,0] [1,0] [1,0] [1,0] [1,0]
[1,0] [1,0] [1,0] [1,0] [1,0] [1,0] [1,0] [1,0] [1,0] [1,0] [1,0] [1,0] [1,0] [1,0] [1,0] [1,0] [1,0] [1,0] [1,0] [1,0] [1,0] [1,0] [1,0] [1,0] [1,0] [1,0] [1,0] [1,0] [1,0] [1,0] [1,0] [1,0] [1,0] [1,0] [1,0] [1,0] [1,0] [1,0] [1,0] [1,0] [1,0] [1,0] [1,0] [1,0] [1,0] [1,0] [1,0] [1,0] [1,0] [1,0] [1,0] [1,0] [1,0] [1,0] [1,0] [1,0] [1,0] [1,0] [1,0] [1,0] [1,0] [1,0] [1,0] [1,0] [1,0] [1,0] [1,0] [1,0] [1,0] [1,0] [1,0] [1,0] [1,0] [1,0] [1,0] [1,0] [1,0] [1,0] [1,0] [1,0] [1,0] [1,0] [1,0] [1,0] [1,0] [1,0] [1,0] [1,0] [1,0] [1,0] [1,0] [1,0] [1,0] [1,0] [1,0] [1,0] [1,0] [1,0] [1,0] [1,0]
[1,0] [1,0] [1,0] [1,0] [1,0] [1,0] [1,0] [1,0] [1,0] [1,0] [1,0] [1,0] [1,0] [1,0] [1,0] [1,0] [1,0] [1,0] [1,0] [1,0] [1,0] [1,0] [1,0] [1,0] [1,0] [1,0] [1,0] [1,0] [1,0] [1,0] [1,0] [1,0] [1,0] [1,0] [1,0] [1,0] [1,0] [1,0] [1,0] [1,0] [1,0] [1,0] [1,0] [1,0] [1,0] [1,0] [1,0] [1,0] [1,0] [1,0] [1,0] [1,0] [1,0] [1,0] [1,0] [1,0] [1,0] [1,0] [1,0] [1,0] [1,0] [1,0] [1,0] [1,0] [1,0] [1,0] [1,0] [1,0] [1,0] [1,0] [1,0] [1,0] [1,0] [1,0] [1,0] [1,0] [1,0] [1,0] [1,0] [1,0] [1,0] [1,0] [1,0] [1,0] [1,0] [1,0] [1,0] [1,0] [1,0] [1,0] [1,0] [1,0] [1,0] [1,0] [1,0] [1,0] [1,0] [1,0] [1,0] [1,0]
[1,0] [1,0] [1,0] [1,0] [1,0] [1,0] [1,0] [1,0] [1,0] [1,0] [1,0] [1,0] [1,0] [1,0] [1,0] [1,0] [1,0] [1,0] [1,0] [1,0] [1,0] [1,0] [1,0] [1,0] [1,0] [1,0] [1,0] [1,0] [1,0] [1,0] [1,0] [1,0] [1,0] [1,0] [1,0] [1,0] [1,0] [1,0] [1,0] [1,0] [1,0] [1,0] [1,0] [1,0] [1,0] [1,0] [1,0] [1,0] [1,0] [1,0] [1,0] [1,0] [1,0] [1,0] [1,0] [1,0] [1,0] [1,0] [1,0] [1,0] [1,0] [1,0] [1,0] [1,0] [1,0] [1,0] [1,0] [1,0] [1,0] [1,0] [1,0] [1,0] [1,0] [1,0] [1,0] [1,0] [1,0] [1,0] [1,0] [1,0] [1,0] [1,0] [1,0] [1,0] [1,0] [1,0] [1,0] [1,0] [1,0] [1,0] [1,0] [1,0] [1,0] [1,0] [1,0] [1,0] [1,0] [1,0] [1,0] [1,0]
[1,0] [1,0] [1,0] [1,0] [1,0] [1,0] [1,0] [1,0] [1,0] [1,0] [1,0] [1,0] [1,0] [1,0] [1,0] [1,0] [1,0] [1,0] [1,0] [1,0] [1,0] [1,0] [1,0] [1,0] [1,0] [1,0] [1,0] [1,0] [1,0] [1,0] [1,0] [1,0] [1,0] [1,0] [1,0] [1,0] [1,0] [1,0] [1,0] [1,0] [1,0] [1,0] [1,0] [1,0] [1,0] [1,0] [1,0] [1,0] [1,0] [1,0] [1,0] [1,0] [1,0] [1,0] [1,0] [1,0] [1,0] [1,0] [1,0] [1,0] [1,0] [1,0] [1,0] [1,0] [1,0] [1,0] [1,0] [1,0] [1,0] [1,0] [1,0] [1,0] [1,0] [1,0] [1,0] [1,0] [1,0] [1,0] [1,0] [1,0] [1,0] [1,0] [1,0] [1,0] [1,0] [1,0] [1,0] [1,0] [1,0] [1,0] [1,0] [1,0] [1,0] [1,0] [1,0] [1,0] [1,0] [1,0] [1,0] [1,0]
[1,0] [1,0] [1,0] [1,0] [1,0] [1,0] [1,0] [1,0] [1,0] [1,0] [1,0] [1,0] [1,0] [1,0] [1,0] [1,0] [1,0] [1,0] [1,0] [1,0] [1,0] [1,0] [1,0] [1,0] [1,0] [1,0] [1,0] [1,0] [1,0] [1,0] [1,0] [1,0] [1,0] [1,0] [1,0] [1,0] [1,0] [1,0] [1,0] [1,0] [1,0] [1,0] [1,0] [1,0] [1,0] [1,0] [1,0] [1,0] [1,0] [1,0] [1,0] [1,0] [1,0] [1,0] [1,0] [1,0] [1,0] [1,0] [1,0] [1,0] [1,0] [1,0] [1,0] [1,0] [1,0] [1,0] [1,0] [1,0] [1,0] [1,0] [1,0] [1,0] [1,0] [1,0] [1,0] [1,0] [1,0] [1,0] [1,0] [1,0] [1,0] [1,0] [1,0] [1,0] [1,0] [1,0] [1,0] [1,0] [1,0] [1,0] [1,0] [1,0] [1,0] [1,0] [1,0] [1,0] [1,0] [1,0] [1,0] [1,0]
[1,0] [1,0] [1,0] [1,0] [1,0] [1,0] [1,0] [1,0] [1,0] [1,0] [1,0] [1,0] [1,0] [1,0] [1,0] [1,0] [1,0] [1,0] [1,0] [1,0] [1,0] [1,0] [1,0] [1,0] [1,0] [1,0] [1,0] [1,0] [1,0] [1,0] [1,0] [1,0] [1,0] [1,0] [1,0] [1,0] [1,0] [1,0] [1,0] [1,0] [1,0] [1,0] [1,0] [1,0] [1,0] [1,0] [1,0] [1,0] [1,0] [1,0] [1,0] [1,0] [1,0] [1,0] [1,0] [1,0] [1,0] [1,0] [1,0] [1,0] [1,0] [1,0] [1,0] [1,0] [1,0] [1,0] [1,0] [1,0] [1,0] [1,0] [1,0] [1,0] [1,0] [1,0] [1,0] [1,0] [1,0] [1,0] [1,0] [1,0] [1,0] [1,0] [1,0] [1,0] [1,0] [1,0] [1,0] [1,0] [1,0] [1,0] [1,0] [1,0] [1,0] [1,0] [1,0] [1,0] [1,0] [1,0] [1,0] [1,0]
[1,0] [1,0] [1,0] [1,0] [1,0] [1,0] [1,0] [1,0] [1,0] [1,0] [1,0] [1,0] [1,0] [1,0] [1,0] [1,0] [1,0] [1,0] [1,0] [1,0] [1,0] [1,0] [1,0] [1,0] [1,0] [1,0] [1,0] [1,0] [1,0] [1,0] [1,0] [1,0] [1,0] [1,0] [1,0] [1,0] [1,0] [1,0] [1,0] [1,0] [1,0] [1,0] [1,0] [1,0] [1,0] [1,0] [1,0] [1,0] [1,0] [1,0] [1,0] [1,0] [1,0] [1,0] [1,0] [1,0] [1,0] [1,0] [1,0] [1,0] [1,0] [1,0] [1,0] [1,0] [1,0] [1,0] [1,0] [1,0] [1,0] [1,0] [1,0] [1,0] [1,0] [1,0] [1,0] [1,0] [1,0] [1,0] [1,0] [1,0] [1,0] [1,0] [1,0] [1,0] [1,0] [1,0] [1,0] [1,0] [1,0] [1,0] [1,0] [1,0] [1,0] [1,0] [1,0] [1,0] [1,0] [1,0] [1,0] [1,0]
[1,0] [1,0] [1,0] [1,0] [1,0] [1,0] [1,0] [1,0] [1,0] [1,0] [1,0] [1,0] [1,0] [1,0] [1,0] [1,0] [1,0] [1,0] [1,0] [1,0] [1,0] [1,0] [1,0] [1,0] [1,0] [1,0] [1,0] [1,0] [1,0] [1,0] [1,0] [1,0] [1,0] [1,0] [1,0] [1,0] [1,0] [1,0] [1,0] [1,0] [1,0] [1,0] [1,0] [1,0] [1,0] [1,0] [1,0] [1,0] [1,0] [1,0] [1,0] [1,0] [1,0] [1,0] [1,0] [1,0] [1,0] [1,0] [1,0] [1,0] [1,0] [1,0] [1,0] [1,0] [1,0] [1,0] [1,0] [1,0] [1,0] [1,0] [1,0] [1,0] [1,0] [1,0] [1,0] [1,0] [1,0] [1,0] [1,0] [1,0] [1,0] [1,0] [1,0] [1,0] [1,0] [1,0] [1,0] [1,0] [1,0] [1,0] [1,0] [1,0] [1,0] [1,0] [1,0] [1,0] [1,0] [1,0] [1,0] [1,0]
[1,0] [1,0] [1,0] [1,0] [1,0] [1,0] [1,0] [1,0] [1,0] [1,0] [1,0] [1,0] [1,0] [1,0] [1,0] [1,0] [1,0] [1,0] [1,0] [1,0] [1,0] [1,0] [1,0] [1,0] [1,0] [1,0] [1,0] [1,0] [1,0] [1,0] [1,0] [1,0] [1,0] [1,0] [1,0] [1,0] [1,0] [1,0] [1,0] [1,0] [1,0] [1,0] [1,0] [1,0] [1,0] [1,0] [1,0] [1,0] [1,0] [1,0] [1,0] [1,0] [1,0] [1,0] [1,0] [1,0] [1,0] [1,0] [1,0] [1,0] [1,0] [1,0] [1,0] [1,0] [1,0] [1,0] [1,0] [1,0] [1,0] [1,0] [1,0] [1,0] [1,0] [1,0] [1,0] [1,0] [1,0] [1,0] [1,0] [1,0] [1,0] [1,0] [1,0] [1,0] [1,0] [1,0] [1,0] [1,0] [1,0] [1,0] [1,0] [1,0] [1,0] [1,0] [1,0] [1,0] [1,0] [1,0] [1,0] [1,0]
[1,0] [1,0] [1,0] [1,0] [1,0] [1,0] [1,0] [1,0] [1,0] [1,0] [1,0] [1,0] [1,0] [1,0] [1,0] [1,0] [1,0] [1,0] [1,0] [1,0] [1,0] [1,0] [1,0] [1,0] [1,0] [1,0] [1,0] [1,0] [1,0] [1,0] [1,0] [1,0] [1,0] [1,0] [1,0] [1,0] [1,0] [1,0] [1,0] [1,0] [1,0] [1,0] [1,0] [1,0] [1,0] [1,0] [1,0] [1,0] [1,0] [1,0] [1,0] [1,0] [1,0] [1,0] [1,0] [1,0] [1,0] [1,0] [1,0] [1,0] [1,0] [1,0] [1,0] [1,0] [1,0] [1,0] [1,0] [1,0] [1,0] [1,0] [1,0] [1,0] [1,0] [1,0] [1,0] [1,0] [1,0] [1,0] [1,0] [1,0] [1,0] [1,0] [1,0] [1,0] [1,0] [1,0] [1,0] [1,0] [1,0] [1,0] [1,0] [1,0] [1,0] [1,0] [1,0] [1,0] [1,0] [1,0] [1,0] [1,0]
[1,0] [1,0] [1,0] [1,0] [1,0] [1,0] [1,0] [1,0] [1,0] [1,0] [1,0] [1,0] [1,0] [1,0] [1,0] [1,0] [1,0] [1,0] [1,0] [1,0] [1,0] [1,0] [1,0] [1,0] [1,0] [1,0] [1,0] [1,0] [1,0] [1,0] [1,0] [1,0] [1,0] [1,0] [1,0] [1,0] [1,0] [1,0] [1,0] [1,0] [1,0] [1,0] [1,0] [1,0] [1,0] [1,0] [1,0] [1,0] [1,0] [1,0] [1,0] [1,0] [1,0] [1,0] [1,0] [1,0] [1,0] [1,0] [1,0] [1,0] [1,0] [1,0] [1,0] [1,0] [1,0] [1,0] [1,0] [1,0] [1,0] [1,0] [1,0] [1,0] [1,0] [1,0] [1,0] [1,0] [1,0] [1,0] [1,0] [1,0] [1,0] [1,0] [1,0] [1,0] [1,0] [1,0] [1,0] [1,0] [1,0] [1,0] [1,0] [1,0] [1,0] [1,0] [1,0] [1,0] [1,0] [1,0] [1,0] [1,0]
[1,0] [1,0] [1,0] [1,0] [1,0] [1,0] [1,0] [1,0] [1,0] [1,0] [1,0] [1,0] [1,0] [1,0] [1,0] [1,0] [1,0] [1,0] [1,0] [1,0] [1,0] [1,0] [1,0] [1,0] [1,0] [1,0] [1,0] [1,0] [1,0] [1,0] [1,0] [1,0] [1,0] [1,0] [1,0] [1,0] [1,0] [1,0] [1,0] [1,0] [1,0] [1,0] [1,0] [1,0] [1,0] [1,0] [1,0] [1,0] [1,0] [1,0] [1,0] [1,0] [1,0] [1,0] [1,0] [1,0] [1,0] [1,0] [1,0] [1,0] [1,0] [1,0] [1,0] [1,0] [1,0] [1,0] [1,0] [1,0] [1,0] [1,0] [1,0] [1,0] [1,0] [1,0] [1,0] [1,0] [1,0] [1,0] [1,0] [1,0] [1,0] [1,0] [1,0] [1,0] [1,0] [1,0] [1,0] [1,0] [1,0] [1,0] [1,0] [1,0] [1,0] [1,0] [1,0] [1,0] [1,0] [1,0] [1,0] [1,0]
[1,0] [1,0] [1,0] [1,0] [1,0] [1,0] [1,0] [1,0] [1,0] [1,0] [1,0] [1,0] [1,0] [1,0] [1,0] [1,0] [1,0] [1,0] [1,0] [1,0] [1,0] [1,0] [1,0] [1,0] [1,0] [1,0] [1,0] [1,0] [1,0] [1,0] [1,0] [1,0] [1,0] [1,0] [1,0] [1,0] [1,0] [1,0] [1,0] [1,0] [1,0] [1,0] [1,0] [1,0] [1,0] [1,0] [1,0] [1,0] [1,0] [1,0] [1,0] [1,0] [1,0] [1,0] [1,0] [1,0] [1,0] [1,0] [1,0] [1,0] [1,0] [1,0] [1,0] [1,0] [1,0] [1,0] [1,0] [1,0] [1,0] [1,0] [1,0] [1,0] [1,0] [1,0] [1,0] [1,0] [1,0] [1,0] [1,0] [1,0] [1,0] [1,0] [1,0] [1,0] [1,0] [1,0] [1,0] [1,0] [1,0] [1,0] [1,0] [1,0] [1,0] [1,0] [1,0] [1,0] [1,0] [1,0] [1,0] [1,0]
[1,0] [1,0] [1,0] [1,0] [1,0] [1,0] [1,0] [1,0] [1,0] [1,0] [1,0] [1,0] [1,0] [1,0] [1,0] [1,0] [1,0] [1,0] [1,0] [1,0] [1,0] [1,0] [1,0] [1,0] [1,0] [1,0] [1,0] [1,0] [1,0] [1,0] [1,0] [1,0] [1,0] [1,0] [1,0] [1,0] [1,0] [1,0] [1,0] [1,0] [1,0] [1,0] [1,0] [1,0] [1,0] [1,0] [1,0] [1,0] [1,0] [1,0] [1,0] [1,0] [1,0] [1,0] [1,0] [1,0] [1,0] [1,0] [1,0] [1,0] [1,0] [1,0] [1,0] [1,0] [1,0] [1,0] [1,0] [1,0] [1,0] [1,0] [1,0] [1,0] [1,0] [1,0] [1,0] [1,0] [1,0] [1,0] [1,0] [1,0] [1,0] [1,0] [1,0] [1,0] [1,0] [1,0] [1,0] [1,0] [1,0] [1,0] [1,0] [1,0] [1,0] [1,0] [1,0] [1,0] [1,0] [1,0] [1,0] [1,0]
[1,0] [1,0] [1,0] [1,0] [1,0] [1,0] [1,0] [1,0] [1,0] [1,0] [1,0] [1,0] [1,0] [1,0] [1,0] [1,0] [1,0] [1,0] [1,0] [1,0] [1,0] [1,0] [1,0] [1,0] [1,0] [1,0] [1,0] [1,0] [1,0] [1,0] [1,0] [1,0] [1,0] [1,0] [1,0] [1,0] [1,0] [1,0] [1,0] [1,0] [1,0] [1,0] [1,0] [1,0] [1,0] [1,0] [1,0] [1,0] [1,0] [1,0] [1,0] [1,0] [1,0] [1,0] [1,0] [1,0] [1,0] [1,0] [1,0] [1,0] [1,0] [1,0] [1,0] [1,0] [1,0] [1,0] [1,0] [1,0] [1,0] [1,0] [1,0] [1,0] [1,0] [1,0] [1,0] [1,0] [1,0] [1,0] [1,0] [1,0] [1,0] [1,0] [1,0] [1,0] [1,0] [1,0] [1,0] [1,0] [1,0] [1,0] [1,0] [1,0] [1,0] [1,0] [1,0] [1,0] [1,0] [1,0] [1,0] [1,0]
[1,0] [1,0] [1,0] [1,0] [1,0] [1,0] [1,0] [1,0] [1,0] [1,0] [1,0] [1,0] [1,0] [1,0] [1,0] [1,0] [1,0] [1,0] [1,0] [1,0] [1,0] [1,0] [1,0] [1,0] [1,0] [1,0] [1,0] [1,0] [1,0] [1,0] [1,0] [1,0] [1,0] [1,0] [1,0] [1,0] [1,0] [1,0] [1,0] [1,0] [1,0] [1,0] [1,0] [1,0] [1,0] [1,0] [1,0] [1,0] [1,0] [1,0] [1,0] [1,0] [1,0] [1,0] [1,0] [1,0] [1,0] [1,0] [1,0] [1,0] [1,0] [1,0] [1,0] [1,0] [1,0] [1,0] [1,0] [1,0] [1,0] [1,0] [1,0] [1,0] [1,0] [1,0] [1,0] [1,0] [1,0] [1,0] [1,0] [1,0] [1,0] [1,0] [1,0] [1,0] [1,0] [1,0] [1,0] [1,0] [1,0] [1,0] [1,0] [1,0] [1,0] [1,0] [1,0] [1,0] [1,0] [1,0] [1,0] [1,0]
[1,0] [1,0] [1,0] [1,0] [1,0] [1,0] [1,0] [1,0] [1,0] [1,0] [1,0] [1,0] [1,0] [1,0] [1,0] [1,0] [1,0] [1,0] [1,0] [1,0] [1,0] [1,0] [1,0] [1,0] [1,0] [1,0] [1,0] [1,0] [1,0] [1,0] [1,0] [1,0] [1,0] [1,0] [1,0] [1,0] [1,0] [1,0] [1,0] [1,0] [1,0] [1,0] [1,0] [1,0] [1,0] [1,0] [1,0] [1,0] [1,0] [1,0] [1,0] [1,0] [1,0] [1,0] [1,0] [1,0] [1,0] [1,0] [1,0] [1,0] [1,0] [1,0] [1,0] [1,0] [1,0] [1,0] [1,0] [1,0] [1,0] [1,0] [1,0] [1,0] [1,0] [1,0] [1,0] [1,0] [1,0] [1,0] [1,0] [1,0] [1,0] [1,0] [1,0] [1,0] [1,0] [1,0] [1,0] [1,0] [1,0] [1,0] [1,0] [1,0] [1,0] [1,0] [1,0] [1,0] [1,0] [1,0] [1,0] [1,0]
[1,0] [1,0] [1,0] [1,0] [1,0] [1,0] [1,0] [1,0] [1,0] [1,0] [1,0] [1,0] [1,0] [1,0] [1,0] [1,0] [1,0] [1,0] [1,0] [1,0] [1,0] [1,0] [1,0] [1,0] [1,0] [1,0] [1,0] [1,0] [1,0] [1,0] [1,0] [1,0] [1,0] [1,0] [1,0] [1,0] [1,0] [1,0] [1,0] [1,0] [1,0] [1,0] [1,0] [1,0] [1,0] [1,0] [1,0] [1,0] [1,0] [1,0] [1,0] [1,0] [1,0] [1,0] [1,0] [1,0] [1,0] [1,0] [1,0] [1,0] [1,0] [1,0] [1,0] [1,0] [1,0] [1,0] [1,0] [1,0] [1,0] [1,0] [1,0] [1,0] [1,0] [1,0] [1,0] [1,0] [1,0] [1,0] [1,0] [1,0] [1,0] [1,0] [1,0] [1,0] [1,0] [1,0] [1,0] [1,0] [1,0] [1,0] [1,0] [1,0] [1,0] [1,0] [1,0] [1,0] [1,0] [1,0] [1,0] [1,0]
[1,0] [1,0] [1,0] [1,0] [1,0] [1,0] [1,0] [1,0] [1,0] [1,0] [1,0] [1,0] [1,0] [1,0] [1,0] [1,0] [1,0] [1,0] [1,0] [1,0] [1,0] [1,0] [1,0] [1,0] [1,0] [1,0] [1,0] [1,0] [1,0] [1,0] [1,0] [1,0] [1,0] [1,0] [1,0] [1,0] [1,0] [1,0] [1,0] [1,0] [1,0] [1,0] [1,0] [1,0] [1,0] [1,0] [1,0] [1,0] [1,0] [1,0] [1,0] [1,0] [1,0] [1,0] [1,0] [1,0] [1,0] [1,0] [1,0] [1,0] [1,0] [1,0] [1,0] [1,0] [1,0] [1,0] [1,0] [1,0] [1,0] [1,0] [1,0] [1,0] [1,0] [1,0] [1,0] [1,0] [1,0] [1,0] [1,0] [1,0] [1,0] [1,0] [1,0] [1,0] [1,0] [1,0] [1,0] [1,0] [1,0] [1,0] [1,0] [1,0] [1,0] [1,0] [1,0] [1,0] [1,0] [1,0] [1,0] [1,0]
[1,0] [1,0] [1,0] [1,0] [1,0] [1,0] [1,0] [1,0] [1,0] [1,0] [1,0] [1,0] [1,0] [1,0] [1,0] [1,0] [1,0] [1,0] [1,0] [1,0] [1,0] [1,0] [1,0] [1,0] [1,0] [1,0] [1,0] [1,0] [1,0] [1,0] [1,0] [1,0] [1,0] [1,0] [1,0] [1,0] [1,0] [1,0] [1,0] [1,0] [1,0] [1,0] [1,0] [1,0] [1,0] [1,0] [1,0] [1,0] [1,0] [1,0] [1,0] [1,0] [1,0] [1,0] [1,0] [1,0] [1,0] [1,0] [1,0] [1,0] [1,0] [1,0] [1,0] [1,0] [1,0] [1,0] [1,0] [1,0] [1,0] [1,0] [1,0] [1,0] [1,0] [1,0] [1,0] [1,0] [1,0] [1,0] [1,0] [1,0] [1,0] [1,0] [1,0] [1,0] [1,0] [1,0] [1,0] [1,0] [1,0] [1,0] [1,0] [1,0] [1,0] [1,0] [1,0] [1,0] [1,0] [1,0] [1,0] [1,0]
[1,0] [1,0] [1,0] [1,0] [1,0] [1,0] [1,0] [1,0] [1,0] [1,0] [1,0] [1,0] [1,0] [1,0] [1,0] [1,0] [1,0] [1,0] [1,0] [1,0] [1,0] [1,0] [1,0] [1,0] [1,0] [1,0] [1,0] [1,0] [1,0] [1,0] [1,0] [1,0] [1,0] [1,0] [1,0] [1,0] [1,0] [1,0] [1,0] [1,0] [1,0] [1,0] [1,0] [1,0] [1,0] [1,0] [1,0] [1,0] [1,0] [1,0] [1,0] [1,0] [1,0] [1,0] [1,0] [1,0] [1,0] [1,0] [1,0] [1,0] [1,0] [1,0] [1,0] [1,0] [1,0] [1,0] [1,0] [1,0] [1,0] [1,0] [1,0] [1,0] [1,0] [1,0] [1,0] [1,0] [1,0] [1,0] [1,0] [1,0] [1,0] [1,0] [1,0] [1,0] [1,0] [1,0] [1,0] [1,0] [1,0] [1,0] [1,0] [1,0] [1,0] [1,0] [1,0] [1,0] [1,0] [1,0] [1,0] [1,0]
[1,0] [1,0] [1,0] [1,0] [1,0] [1,0] [1,0] [1,0] [1,0] [1,0] [1,0] [1,0] [1,0] [1,0] [1,0] [1,0] [1,0] [1,0] [1,0] [1,0] [1,0] [1,0] [1,0] [1,0] [1,0] [1,0] [1,0] [1,0] [1,0] [1,0] [1,0] [1,0] [1,0] [1,0] [1,0] [1,0] [1,0] [1,0] [1,0] [1,0] [1,0] [1,0] [1,0] [1,0] [1,0] [1,0] [1,0] [1,0] [1,0] [1,0] [1,0] [1,0] [1,0] [1,0] [1,0] [1,0] [1,0] [1,0] [1,0] [1,0] [1,0] [1,0] [1,0] [1,0] [1,0] [1,0] [1,0] [1,0] [1,0] [1,0] [1,0] [1,0] [1,0] [1,0] [1,0] [1,0] [1,0] [1,0] [1,0] [1,0] [1,0] [1,0] [1,0] [1,0] [1,0] [1,0] [1,0] [1,0] [1,0] [1,0] [1,0] [1,0] [1,0] [1,0] [1,0] [1,0] [1,0] [1,0] [1,0] [1,0]
[1,0] [1,0] [1,0] [1,0] [1,0] [1,0] [1,0] [1,0] [1,0] [1,0] [1,0] [1,0] [1,0] [1,0] [1,0] [1,0] [1,0] [1,0] [1,0] [1,0] [1,0] [1,0] [1,0] [1,0] [1,0] [1,0] [1,0] [1,0] [1,0] [1,0] [1,0] [1,0] [1,0] [1,0] [1,0] [1,0] [1,0] [1,0] [1,0] [1,0] [1,0] [1,0] [1,0] [1,0] [1,0] [1,0] [1,0] [1,0] [1,0] [1,0] [1,0] [1,0] [1,0] [1,0] [1,0] [1,0] [1,0] [1,0] [1,0] [1,0] [1,0] [1,0] [1,0] [1,0] [1,0] [1,0] [1,0] [1,0] [1,0] [1,0] [1,0] [1,0] [1,0] [1,0] [1,0] [1,0] [1,0] [1,0] [1,0] [1,0] [1,0] [1,0] [1,0] [1,0] [1,0] [1,0] [1,0] [1,0] [1,0] [1,0] [1,0] [1,0] [1,0] [1,0] [1,0] [1,0] [1,0] [1,0] [1,0] [1,0]
[1,0] [1,0] [1,0] [1,0] [1,0] [1,0] [1,0] [1,0] [1,0] [1,0] [1,0] [1,0] [1,0] [1,0] [1,0] [1,0] [1,0] [1,0] [1,0] [1,0] [1,0] [1,0] [1,0] [1,0] [1,0] [1,0] [1,0] [1,0] [1,0] [1,0] [1,0] [1,0] [1,0] [1,0] [1,0] [1,0] [1,0] [1,0] [1,0] [1,0] [1,0] [1,0] [1,0] [1,0] [1,0] [1,0] [1,0] [1,0] [1,0] [1,0] [1,0] [1,0] [1,0] [1,0] [1,0] [1,0] [1,0] [1,0] [1,0] [1,0] [1,0] [1,0] [1,0] [1,0] [1,0] [1,0] [1,0] [1,0] [1,0] [1,0] [1,0] [1,0] [1,0] [1,0] [1,0] [1,0] [1,0] [1,0] [1,0] [1,0] [1,0] [1,0] [1,0] [1,0] [1,0] [1,0] [1,0] [1,0] [1,0] [1,0] [1,0] [1,0] [1,0] [1,0] [1,0] [1,0] [1,0] [1,0] [1,0] [1,0]
[1,0] [1,0] [1,0] [1,0] [1,0] [1,0] [1,0] [1,0] [1,0] [1,0] [1,0] [1,0] [1,0] [1,0] [1,0] [1,0] [1,0] [1,0] [1,0] [1,0] [1,0] [1,0] [1,0] [1,0] [1,0] [1,0] [1,0] [1,0] [1,0] [1,0] [1,0] [1,0] [1,0] [1,0] [1,0] [1,0] [1,0] [1,0] [1,0] [1,0] [1,0] [1,0] [1,0] [1,0] [1,0] [1,0] [1,0] [1,0] [1,0] [1,0] [1,0] [1,0] [1,0] [1,0] [1,0] [1,0] [1,0] [1,0] [1,0] [1,0] [1,0] [1,0] [1,0] [1,0] [1,0] [1,0] [1,0] [1,0] [1,0] [1,0] [1,0] [1,0] [1,0] [1,0] [1,0] [1,0] [1,0] [1,0] [1,0] [1,0] [1,0] [1,0] [1,0] [1,0] [1,0] [1,0] [1,0] [1,0] [1,0] [1,0] [1,0] [1,0] [1,0] [1,0] [1,0] [1,0] [1,0] [1,0] [1,0] [1,0]
[1,0] [1,0] [1,0] [1,0] [1,0] [1,0] [1,0] [1,0] [1,0] [1,0] [1,0] [1,0] [1,0] [1,0] [1,0] [1,0] [1,0] [1,0] [1,0] [1,0] [1,0] [1,0] [1,0] [1,0] [1,0] [1,0] [1,0] [1,0] [1,0] [1,0] [1,0] [1,0] [1,0] [1,0] [1,0] [1,0] [1,0] [1,0] [1,0] [1,0] [1,0] [1,0] [1,0] [1,0] [1,0] [1,0] [1,0] [1,0] [1,0] [1,0] [1,0] [1,0] [1,0] [1,0] [1,0] [1,0] [1,0] [1,0] [1,0] [1,0] [1,0] [1,0] [1,0] [1,0] [1,0] [1,0] [1,0] [1,0] [1,0] [1,0] [1,0] [1,0] [1,0] [1,0] [1,0] [1,0] [1,0] [1,0] [1,0] [1,0] [1,0] [1,0] [1,0] [1,0] [1,0] [1,0] [1,0] [1,0] [1,0] [1,0] [1,0] [1,0] [1,0] [1,0] [1,0] [1,0] [1,0] [1,0] [1,0] [1,0]
[1,0] [1,0] [1,0] [1,0] [1,0] [1,0] [1,0] [1,0] [1,0] [1,0] [1,0] [1,0] [1,0] [1,0] [1,0] [1,0] [1,0] [1,0] [1,0] [1,0] [1,0] [1,0] [1,0] [1,0] [1,0] [1,0] [1,0] [1,0] [1,0] [1,0] [1,0] [1,0] [1,0] [1,0] [1,0] [1,0] [1,0] [1,0] [1,0] [1,0] [1,0] [1,0] [1,0] [1,0] [1,0] [1,0] [1,0] [1,0] [1,0] [1,0] [1,0] [1,0] [1,0] [1,0] [1,0] [1,0] [1,0] [1,0] [1,0] [1,0] [1,0] [1,0] [1,0] [1,0] [1,0] [1,0] [1,0] [1,0] [1,0] [1,0] [1,0] [1,0] [1,0] [1,0] [1,0] [1,0] [1,0] [1,0] [1,0] [1,0] [1,0] [1,0] [1,0] [1,0] [1,0] [1,0] [1,0] [1,0] [1,0] [1,0] [1,0] [1,0] [1,0] [1,0] [1,0] [1,0] [1,0] [1,0] [1,0] [1,0]
[1,0] [1,0] [1,0] [1,0] [1,0] [1,0] [1,0] [1,0] [1,0] [1,0] [1,0] [1,0] [1,0] [1,0] [1,0] [1,0] [1,0] [1,0] [1,0] [1,0] [1,0] [1,0] [1,0] [1,0] [1,0] [1,0] [1,0] [1,0] [1,0] [1,0] [1,0] [1,0] [1,0] [1,0] [1,0] [1,0] [1,0] [1,0] [1,0] [1,0] [1,0] [1,0] [1,0] [1,0] [1,0] [1,0] [1,0] [1,0] [1,0] [1,0] [1,0] [1,0] [1,0] [1,0] [1,0] [1,0] [1,0] [1,0] [1,0] [1,0] [1,0] [1,0] [1,0] [1,0] [1,0] [1,0] [1,0] [1,0] [1,0] [1,0] [1,0] [1,0] [1,0] [1,0] [1,0] [1,0] [1,0] [1,0] [1,0] [1,0] [1,0] [1,0] [1,0] [1,0] [1,0] [1,0] [1,0] [1,0] [1,0] [1,0] [1,0] [1,0] [1,0] [1,0] [1,0] [1,0] [1,0] [1,0] [1,0] [1,0]
[1,0] [1,0] [1,0] [1,0] [1,0] [1,0] [1,0] [1,0] [1,0] [1,0] [1,0] [1,0] [1,0] [1,0] [1,0] [1,0] [1,0] [1,0] [1,0] [1,0] [1,0] [1,0] [1,0] [1,0] [1,0] [1,0] [1,0] [1,0] [1,0] [1,0] [1,0] [1,0] [1,0] [1,0] [1,0] [1,0] [1,0] [1,0] [1,0] [1,0] [1,0] [1,0] [1,0] [1,0] [1,0] [1,0] [1,0] [1,0] [1,0] [1,0] [1,0] [1,0] [1,0] [1,0] [1,0] [1,0] [1,0] [1,0] [1,0] [1,0] [1,0] [1,0] [1,0] [1,0] [1,0] [1,0] [1,0] [1,0] [1,0] [1,0] [1,0] [1,0] [1,0] [1,0] [1,0] [1,0] [1,0] [1,0] [1,0] [1,0] [1,0] [1,0] [1,0] [1,0] [1,0] [1,0] [1,0] [1,0] [1,0] [1,0] [1,0] [1,0] [1,0] [1,0] [1,0] [1,0] [1,0] [1,0] [1,0] [1,0]
[1,0] [1,0] [1,0] [1,0] [1,0] [1,0] [1,0] [1,0] [1,0] [1,0] [1,0] [1,0] [1,0] [1,0] [1,0] [1,0] [1,0] [1,0] [1,0] [1,0] [1,0] [1,0] [1,0] [1,0] [1,0] [1,0] [1,0] [1,0] [1,0] [1,0] [1,0] [1,0] [1,0] [1,0] [1,0] [1,0] [1,0] [1,0] [1,0] [1,0] [1,0] [1,0] [1,0] [1,0] [1,0] [1,0] [1,0] [1,0] [1,0] [1,0] [1,0] [1,0] [1,0] [1,0] [1,0] [1,0] [1,0] [1,0] [1,0] [1,0] [1,0] [1,0] [1,0] [1,0] [1,0] [1,0] [1,0] [1,0] [1,0] [1,0] [1,0] [1,0] [1,0] [1,0] [1,0] [1,0] [1,0] [1,0] [1,0] [1,0] [1,0] [1,0] [1,0] [1,0] [1,0] [1,0] [1,0] [1,0] [1,0] [1,0] [1,0] [1,0] [1,0] [1,0] [1,0] [1,0] [1,0] [1,0] [1,0] [1,0]
[1,0] [1,0] [1,0] [1,0] [1,0] [1,0] [1,0] [1,0] [1,0] [1,0] [1,0] [1,0] [219,0] [220,0] [219,0] [220,0] [220,0] [220,0] [220,0] [220,0] [220,0] [222,0] [223,0] [224,0] [1,0] [1,0] [1,0] [1,0] [1,0] [1,0] [1,0] [1,0] [1,0] [1,0] [1,0] [1,0] [1,0] [1,0] [1,0] [1,0] [1,0] [1,0] [1,0] [1,0] [1,0] [1,0] [1,0] [1,0] [1,0] [1,0] [1,0] [1,0] [1,0] [1,0] [1,0] [1,0] [1,0] [1,0] [1,0] [1,0] [1,0] [1,0] [1,0] [1,0] [1,0] [1,0] [1,0] [1,0] [1,0] [1,0] [1,0] [1,0] [1,0] [1,0] [1,0] [1,0] [1,0] [1,0] [1,0] [1,0] [1,0] [1,0] [1,0] [1,0] [1,0] [1,0] [1,0] [1,0] [1,0] [1,0] [1,0] [1,0] [1,0] [1,0] [1,0] [1,0] [1,0] [1,0] [1,0] [1,0]
[1,0] [1,0] [1,0] [1,0] [1,0] [1,0] [1,0] [1,0] [1,0] [1,0] [1,0] [1,0] [223,0] [224,0] [225,0] [226,0] [227,0] [228,0] [228,0] [226,0] [227,0] [228,0] [227,0] [228,0] [1,0] [1,0] [1,0] [1,0] [1,0] [1,0] [1,0] [1,0] [1,0] [1,0] [1,0] [1,0] [1,0] [1,0] [1,0] [1,0] [1,0] [1,0] [1,0] [1,0] [1,0] [1,0] [1,0] [1,0] [1,0] [1,0] [1,0] [1,0] [1,0] [1,0] [1,0] [1,0] [1,0] [1,0] [1,0] [1,0] [1,0] [1,0] [1,0] [1,0] [1,0] [1,0] [1,0] [1,0] [1,0] [1,0] [1,0] [1,0] [1,0] [1,0] [1,0] [1,0] [1,0] [1,0] [1,0] [1,0] [1,0] [1,0] [1,0] [1,0] [1,0] [1,0] [1,0] [1,0] [1,0] [1,0] [1,0] [1,0] [1,0] [1,0] [1,0] [1,0] [1,0] [1,0] [1,0] [1,0]
[1,0] [1,0] [1,0] [1,0] [1,0] [1,0] [1,0] [1,0] [1,0] [1,0] [1,0] [1,0] [223,0] [228,0] [229,0] [230,0] [229,0] [230,0] [230,0] [230,0] [229,0] [234,0] [228,0] [228,0] [1,0] [1,0] [1,0] [1,0] [1,0] [1,0] [1,0] [1,0] [1,0] [1,0] [1,0] [1,0] [1,0] [1,0] [1,0] [1,0] [1,0] [1,0] [1,0] [1,0] [1,0] [1,0] [1,0] [1,0] [1,0] [1,0] [1,0] [1,0] [1,0] [1,0] [1,0] [1,0] [1,0] [1,0] [1,0] [1,0] [1,0] [1,0] [1,0] [1,0] [1,0] [1,0] [1,0] [1,0] [1,0] [1,0] [1,0] [1,0] [1,0] [1,0] [1,0] [1,0] [1,0] [1,0] [1,0] [1,0] [1,0] [1,0] [1,0] [1,0] [1,0] [1,0] [1,0] [1,0] [1,0] [1,0] [1,0] [1,0] [1,0] [1,0] [1,0] [1,0] [1,0] [1,0] [1,0] [1,0]
[1,0] [1,0] [1,0] [1,0] [1,0] [1,0] [1,0] [1,0] [1,0] [1,0] [1,0] [1,0] [223,0] [228,0] [233,0] [234,0] [235,0] [236,0] [235,0] [236,0] [237,0] [238,0] [247,0] [228,0] [1,0] [1,0] [1,0] [1,0] [1,0] [1,0] [1,0] [1,0] [1,0] [1,0] [1,0] [1,0] [1,0] [1,0] [1,0] [1,0] [1,0] [1,0] [1,0] [1,0] [1,0] [1,0] [1,0] [1,0] [1,0] [1,0] [1,0] [1,0] [1,0] [1,0] [1,0] [1,0] [1,0] [1,0] [1,0] [1,0] [1,0] [1,0] [1,0] [1,0] [1,0] [1,0] [1,0] [1,0] [1,0] [1,0] [1,0] [1,0] [1,0] [1,0] [1,0] [1,0] [1,0] [1,0] [1,0] [1,0] [1,0] [1,0] [1,0] [1,0] [1,0] [1,0] [1,0] [1,0] [1,0] [1,0] [1,0] [1,0] [1,0] [1,0] [1,0] [1,0] [1,0] [1,0] [1,0] [1,0]
[1,0] [1,0] [1,0] [1,0] [1,0] [1,0] [1,0] [1,0] [1,0] [1,0] [1,0] [1,0] [223,0] [248,0] [247,0] [248,0] [247,0] [248,0] [247,0] [248,0] [249,0] [250,0] [249,0] [228,0] [1,0] [1,0] [1,0] [1,0] [1,0] [1,0] [1,0] [1,0] [1,0] [1,0] [1,0] [1,0] [1,0] [1,0] [1,0] [1,0] [1,0] [1,0] [1,0] [1,0] [1,0] [1,0] [1,0] [1,0] [1,0] [1,0] [1,0] [1,0] [1,0] [1,0] [1,0] [1,0] [1,0] [1,0] [1,0] [1,0] [1,0] [1,0] [1,0] [1,0] [1,0] [1,0] [1,0] [1,0] [1,0] [1,0] [1,0] [1,0] [1,0] [1,0] [1,0] [1,0] [1,0] [1,0] [1,0] [1,0] [1,0] [1,0] [1,0] [1,0] [1,0] [1,0] [1,0] [1,0] [1,0] [1,0] [1,0] [1,0] [1,0] [1,0] [1,0] [1,0] [1,0] [1,0] [1,0] [1,0]
[1,0] [1,0] [1,0] [1,0] [1,0] [1,0] [1,0] [1,0] [1,0] [1,0] [1,0] [1,0] [223,0] [250,0] [249,0] [249,0] [249,0] [249,0] [252,0] [251,0] [252,0] [252,0] [251,0] [250,0] [1,0] [1,0] [1,0] [1,0] [1,0] [1,0] [1,0] [1,0] [1,0] [1,0] [1,0] [1,0] [1,0] [1,0] [1,0] [1,0] [1,0] [1,0] [1,0] [1,0] [1,0] [1,0] [1,0] [1,0] [1,0] [1,0] [1,0] [1,0] [1,0] [1,0] [1,0] [1,0] [1,0] [1,0] [1,0] [1,0] [1,0] [1,0] [1,0] [1,0] [1,0] [1,0] [1,0] [1,0] [1,0] [1,0] [1,0] [1,0] [1,0] [1,0] [1,0] [1,0] [1,0] [1,0] [1,0] [1,0] [1,0] [1,0] [1,0] [1,0] [1,0] [1,0] [1,0] [1,0] [1,0] [1,0] [1,0] [1,0] [1,0] [1,0] [1,0] [1,0] [1,0] [1,0] [1,0] [1,0]
[1,0] [1,0] [1,0] [1,0] [1,0] [1,0] [1,0] [1,0] [1,0] [1,0] [1,0] [1,0] [251,0] [252,0] [253,0] [254,0] [253,0] [254,0] [253,0] [254,0] [255,0] [256,0] [255,0] [256,0] [1,0] [1,0] [1,0] [1,0] [1,0] [1,0] [1,0] [1,0] [1,0] [1,0] [1,0] [1,0] [1,0] [1,0] [1,0] [1,0] [1,0] [1,0] [1,0] [1,0] [1,0] [1,0] [1,0] [1,0] [1,0] [1,0] [1,0] [1,0] [1,0] [1,0] [1,0] [1,0] [1,0] [1,0] [1,0] [1,0] [1,0] [1,0] [1,0] [1,0] [1,0] [1,0] [1,0] [1,0] [1,0] [1,0] [1,0] [1,0] [1,0] [1,0] [1,0] [1,0] [1,0] [1,0] [1,0] [1,0] [1,0] [1,0] [1,0] [1,0] [1,0] [1,0] [1,0] [1,0] [1,0] [1,0] [1,0] [1,0] [1,0] [1,0] [1,0] [1,0] [1,0] [1,0] [1,0] [1,0]
[1,0] [1,0] [1,0] [1,0] [1,0] [1,0] [1,0] [1,0] [1,0] [1,0] [1,0] [1,0] [0,0] [256,0] [257,0] [258,0] [257,0] [258,0] [259,0] [260,0] [259,0] [260,0] [259,0] [260,0] [1,0] [1,0] [1,0] [1,0] [1,0] [1,0] [1,0] [1,0] [1,0] [1,0] [1,0] [1,0] [1,0] [1,0] [1,0] [1,0] [1,0] [1,0] [1,0] [1,0] [1,0] [1,0] [1,0] [1,0] [1,0] [1,0] [1,0] [1,0] [1,0] [1,0] [1,0] [1,0] [1,0] [1,0] [1,0] [1,0] [1,0] [1,0] [1,0] [1,0] [1,0] [1,0] [1,0] [1,0] [1,0] [1,0] [1,0] [1,0] [1,0] [1,0] [1,0] [1,0] [1,0] [1,0] [1,0] [1,0] [1,0] [1,0] [1,0] [1,0] [1,0] [1,0] [1,0] [1,0] [1,0] [1,0] [1,0] [1,0] [1,0] [1,0] [1,0] [1,0] [1,0] [1,0] [1,0] [1,0]
[1,0] [1,0] [1,0] [1,0] [1,0] [1,0] [1,0] [1,0] [1,0] [1,0] [1,0] [1,0] [259,0] [260,0] [259,0] [260,0] [259,0] [260,0] [259,0] [260,0] [259,0] [260,0] [259,0] [260,0] [1,0] [1,0] [1,0] [1,0] [1,0] [1,0] [1,0] [1,0] [1,0] [1,0] [1,0] [1,0] [1,0] [1,0] [1,0] [1,0] [1,0] [1,0] [1,0] [1,0] [1,0] [1,0] [1,0] [1,0] [1,0] [1,0] [1,0] [1,0] [1,0] [1,0] [1,0] [1,0] [1,0] [1,0] [1,0] [1,0] [1,0] [1,0] [1,0] [1,0] [1,0] [1,0] [1,0] [1,0] [1,0] [1,0] [1,0] [1,0] [1,0] [1,0] [1,0] [1,0] [1,0] [1,0] [1,0] [1,0] [1,0] [1,0] [1,0] [1,0] [1,0] [1,0] [1,0] [1,0] [1,0] [1,0] [1,0] [1,0] [1,0] [1,0] [1,0] [1,0] [1,0] [1,0] [1,0] [1,0]
[1,0] [1,0] [1,0] [1,0] [1,0] [1,0] [1,0] [1,0] [1,0] [1,0] [1,0] [1,0] [259,0] [260,0] [261,0] [262,0] [263,0] [264,0] [265,0] [266,0] [267,0] [268,0] [269,0] [270,0] [1,0] [1,0] [1,0] [1,0] [1,0] [1,0] [1,0] [1,0] [1,0] [1,0] [1,0] [1,0] [1,0] [1,0] [1,0] [1,0] [1,0] [1,0] [1,0] [1,0] [1,0] [1,0] [1,0] [1,0] [1,0] [1,0] [1,0] [1,0] [1,0] [1,0] [1,0] [1,0] [1,0] [1,0] [1,0] [1,0] [1,0] [1,0] [1,0] [1,0] [1,0] [1,0] [1,0] [1,0] [1,0] [1,0] [1,0] [1,0] [1,0] [1,0] [1,0] [1,0] [1,0] [1,0] [1,0] [1,0] [1,0] [1,0] [1,0] [1,0] [1,0] [1,0] [1,0] [1,0] [1,0] [1,0] [1,0] [1,0] [1,0] [1,0] [1,0] [1,0] [1,0] [1,0] [1,0] [1,0]
[1,0] [1,0] [1,0] [1,0] [1,0] [1,0] [1,0] [1,0] [1,0] [1,0] [1,0] [1,0] [1,0] [1,0] [1,0] [1,0] [1,0] [1,0] [1,0] [1,0] [1,0] [1,0] [1,0] [1,0] [1,0] [1,0] [1,0] [1,0] [1,0] [1,0] [1,0] [1,0] [1,0] [1,0] [1,0] [1,0] [1,0] [1,0] [1,0] [1,0] [1,0] [1,0] [1,0] [1,0] [1,0] [1,0] [1,0] [1,0] [1,0] [1,0] [1,0] [1,0] [1,0] [1,0] [1,0] [1,0] [1,0] [1,0] [1,0] [1,0] [1,0] [1,0] [1,0] [1,0] [1,0] [1,0] [1,0] [1,0] [1,0] [1,0] [1,0] [1,0] [1,0] [1,0] [1,0] [1,0] [1,0] [1,0] [1,0] [1,0] [1,0] [1,0] [1,0] [1,0] [1,0] [1,0] [1,0] [1,0] [1,0] [1,0] [1,0] [1,0] [1,0] [1,0] [1,0] [1,0] [1,0] [1,0] [1,0] [1,0]
[1,0] [1,0] [1,0] [1,0] [1,0] [1,0] [1,0] [1,0] [1,0] [1,0] [1,0] [1,0] [1,0] [1,0] [1,0] [1,0] [1,0] [1,0] [1,0] [1,0] [1,0] [1,0] [1,0] [1,0] [1,0] [1,0] [1,0] [1,0] [1,0] [1,0] [1,0] [1,0] [1,0] [1,0] [1,0] [1,0] [1,0] [1,0] [1,0] [1,0] [1,0] [1,0] [1,0] [1,0] [1,0] [1,0] [1,0] [1,0] [1,0] [1,0] [1,0] [1,0] [1,0] [1,0] [1,0] [1,0] [1,0] [1,0] [1,0] [1,0] [1,0] [1,0] [1,0] [1,0] [1,0] [1,0] [1,0] [1,0] [1,0] [1,0] [1,0] [1,0] [1,0] [1,0] [1,0] [1,0] [1,0] [1,0] [1,0] [1,0] [1,0] [1,0] [1,0] [1,0] [1,0] [1,0] [1,0] [1,0] [1,0] [1,0] [1,0] [1,0] [1,0] [1,0] [1,0] [1,0] [1,0] [1,0] [1,0] [1,0]
[1,0] [1,0] [1,0] [1,0] [1,0] [1,0] [1,0] [1,0] [1,0] [1,0] [1,0] [1,0] [1,0] [1,0] [1,0] [1,0] [1,0] [1,0] [1,0] [1,0] [1,0] [1,0] [1,0] [1,0] [1,0] [1,0] [1,0] [1,0] [1,0] [1,0] [1,0] [1,0] [1,0] [1,0] [1,0] [1,0] [1,0] [1,0] [1,0] [1,0] [1,0] [1,0] [1,0] [1,0] [1,0] [1,0] [1,0] [1,0] [1,0] [1,0] [1,0] [1,0] [1,0] [1,0] [1,0] [1,0] [1,0] [1,0] [1,0] [1,0] [1,0] [1,0] [1,0] [1,0] [1,0] [1,0] [1,0] [1,0] [1,0] [1,0] [1,0] [1,0] [1,0] [1,0] [1,0] [1,0] [1,0] [1,0] [1,0] [1,0] [1,0] [1,0] [1,0] [1,0] [1,0] [1,0] [1,0] [1,0] [1,0] [1,0] [1,0] [1,0] [1,0] [1,0] [1,0] [1,0] [1,0] [1,0] [1,0] [1,0]
[1,0] [1,0] [1,0] [1,0] [1,0] [1,0] [1,0] [1,0] [1,0] [1,0] [1,0] [1,0] [1,0] [1,0] [1,0] [1,0] [1,0] [1,0] [1,0] [1,0] [1,0] [1,0] [1,0] [1,0] [1,0] [1,0] [1,0] [1,0] [1,0] [1,0] [1,0] [1,0] [1,0] [1,0] [1,0] [1,0] [1,0] [1,0] [1,0] [1,0] [1,0] [1,0] [1,0] [1,0] [1,0] [1,0] [1,0] [1,0] [1,0] [1,0] [1,0] [1,0] [1,0] [1,0] [1,0] [1,0] [1,0] [1,0] [1,0] [1,0] [1,0] [1,0] [1,0] [1,0] [1,0] [1,0] [1,0] [1,0] [1,0] [1,0] [1,0] [1,0] [1,0] [1,0] [1,0] [1,0] [1,0] [1,0] [1,0] [1,0] [1,0] [1,0] [1,0] [1,0] [1,0] [1,0] [1,0] [1,0] [1,0] [1,0] [1,0] [1,0] [1,0] [1,0] [1,0] [1,0] [1,0] [1,0] [1,0] [1,0]
[1,0] [1,0] [1,0] [1,0] [1,0] [1,0] [1,0] [1,0] [1,0] [1,0] [1,0] [1,0] [1,0] [1,0] [1,0] [1,0] [1,0] [1,0] [1,0] [1,0] [1,0] [1,0] [1,0] [1,0] [1,0] [1,0] [1,0] [1,0] [1,0] [1,0] [1,0] [1,0] [1,0] [1,0] [1,0] [1,0] [1,0] [1,0] [1,0] [1,0] [1,0] [1,0] [1,0] [1,0] [1,0] [1,0] [1,0] [1,0] [1,0] [1,0] [1,0] [1,0] [1,0] [1,0] [1,0] [1,0] [1,0] [1,0] [1,0] [1,0] [1,0] [1,0] [1,0] [1,0] [1,0] [1,0] [1,0] [1,0] [1,0] [1,0] [1,0] [1,0] [1,0] [1,0] [1,0] [1,0] [1,0] [1,0] [1,0] [1,0] [1,0] [1,0] [1,0] [1,0] [1,0] [1,0] [1,0] [1,0] [1,0] [1,0] [1,0] [1,0] [1,0] [1,0] [1,0] [1,0] [1,0] [1,0] [1,0] [1,0]
[1,0] [1,0] [1,0] [1,0] [1,0] [1,0] [1,0] [1,0] [1,0] [1,0] [1,0] [1,0] [1,0] [1,0] [1,0] [1,0] [1,0] [1,0] [1,0] [1,0] [1,0] [1,0] [1,0] [1,0] [1,0] [1,0] [1,0] [1,0] [1,0] [1,0] [1,0] [1,0] [1,0] [1,0] [1,0] [1,0] [1,0] [1,0] [1,0] [1,0] [1,0] [1,0] [1,0] [1,0] [1,0] [1,0] [1,0] [1,0] [1,0] [1,0] [1,0] [1,0] [1,0] [1,0] [1,0] [1,0] [1,0] [1,0] [1,0] [1,0] [1,0] [1,0] [1,0] [1,0] [1,0] [1,0] [1,0] [1,0] [1,0] [1,0] [1,0] [1,0] [1,0] [1,0] [1,0] [1,0] [1,0] [1,0] [1,0] [1,0] [1,0] [1,0] [1,0] [1,0] [1,0] [1,0] [1,0] [1,0] [1,0] [1,0] [1,0] [1,0] [1,0] [1,0] [1,0] [1,0] [1,0] [1,0] [1,0] [1,0]
[1,0] [1,0] [1,0] [1,0] [1,0] [1,0] [1,0] [1,0] [1,0] [1,0] [1,0] [1,0] [1,0] [1,0] [1,0] [1,0] [1,0] [1,0] [1,0] [1,0] [1,0] [1,0] [1,0] [1,0] [1,0] [1,0] [1,0] [1,0] [1,0] [1,0] [1,0] [1,0] [1,0] [1,0] [1,0] [1,0] [1,0] [1,0] [1,0] [1,0] [1,0] [1,0] [1,0] [1,0] [1,0] [1,0] [1,0] [1,0] [1,0] [1,0] [1,0] [1,0] [1,0] [1,0] [1,0] [1,0] [1,0] [1,0] [1,0] [1,0] [1,0] [1,0] [1,0] [1,0] [1,0] [1,0] [1,0] [1,0] [1,0] [1,0] [1,0] [1,0] [1,0] [1,0] [1,0] [1,0] [1,0] [1,0] [1,0] [1,0] [1,0] [1,0] [1,0] [1,0] [1,0] [1,0] [1,0] [1,0] [1,0] [1,0] [1,0] [1,0] [1,0] [1,0] [1,0] [1,0] [1,0] [1,0] [1,0] [1,0]
[1,0] [1,0] [1,0] [1,0] [1,0] [1,0] [1,0] [1,0] [1,0] [1,0] [1,0] [1,0] [1,0] [1,0] [1,0] [1,0] [1,0] [1,0] [1,0] [1,0] [1,0] [1,0] [1,0] [1,0] [1,0] [1,0] [1,0] [1,0] [1,0] [1,0] [1,0] [1,0] [1,0] [1,0] [1,0] [1,0] [1,0] [1,0] [1,0] [1,0] [1,0] [1,0] [1,0] [1,0] [1,0] [1,0] [1,0] [1,0] [1,0] [1,0] [1,0] [1,0] [1,0] [1,0] [1,0] [1,0] [1,0] [1,0] [1,0] [1,0] [1,0] [1,0] [1,0] [1,0] [1,0] [1,0] [1,0] [1,0] [1,0] [1,0] [1,0] [1,0] [1,0] [1,0] [1,0] [1,0] [1,0] [1,0] [1,0] [1,0] [1,0] [1,0] [1,0] [1,0] [1,0] [1,0] [1,0] [1,0] [1,0] [1,0] [1,0] [1,0] [1,0] [1,0] [1,0] [1,0] [1,0] [1,0] [1,0] [1,0]
[1,0] [1,0] [1,0] [1,0] [1,0] [1,0] [1,0] [1,0] [1,0] [1,0] [1,0] [1,0] [1,0] [1,0] [1,0] [1,0] [1,0] [1,0] [1,0] [1,0] [1,0] [1,0] [1,0] [1,0] [1,0] [1,0] [1,0] [1,0] [1,0] [1,0] [1,0] [1,0] [1,0] [1,0] [1,0] [1,0] [1,0] [1,0] [1,0] [1,0] [1,0] [1,0] [1,0] [1,0] [1,0] [1,0] [1,0] [1,0] [1,0] [1,0] [1,0] [1,0] [1,0] [1,0] [1,0] [1,0] [1,0] [1,0] [1,0] [1,0] [1,0] [1,0] [1,0] [1,0] [1,0] [1,0] [1,0] [1,0] [1,0] [1,0] [1,0] [1,0] [1,0] [1,0] [1,0] [1,0] [1,0] [1,0] [1,0] [1,0] [1,0] [1,0] [1,0] [1,0] [1,0] [1,0] [1,0] [1,0] [1,0] [1,0] [1,0] [1,0] [1,0] [1,0] [1,0] [1,0] [1,0] [1,0] [1,0] [1,0]
[1,0] [1,0] [1,0] [1,0] [1,0] [1,0] [1,0] [1,0] [1,0] [1,0] [1,0] [1,0] [1,0] [1,0] [1,0] [1,0] [1,0] [1,0] [1,0] [1,0] [1,0] [1,0] [1,0] [1,0] [1,0] [1,0] [1,0] [1,0] [1,0] [1,0] [1,0] [1,0] [1,0] [1,0] [1,0] [1,0] [1,0] [1,0] [1,0] [1,0] [1,0] [1,0] [1,0] [1,0] [1,0] [1,0] [1,0] [1,0] [1,0] [1,0] [1,0] [1,0] [1,0] [1,0] [1,0] [1,0] [1,0] [1,0] [1,0] [1,0] [1,0] [1,0] [1,0] [1,0] [1,0] [1,0] [1,0] [1,0] [1,0] [1,0] [1,0] [1,0] [1,0] [1,0] [1,0] [1,0] [1,0] [1,0] [1,0] [1,0] [1,0] [1,0] [1,0] [1,0] [1,0] [1,0] [1,0] [1,0] [1,0] [1,0] [1,0] [1,0] [1,0] [1,0] [1,0] [1,0] [1,0] [1,0] [1,0] [1,0]
[1,0] [1,0] [1,0] [1,0] [1,0] [1,0] [1,0] [1,0] [1,0] [1,0] [1,0] [1,0] [271,0] [271,0] [271,0] [1,0] [271,0] [271,0] [271,0] [1,0] [1,0] [1,0] [1,0] [1,0] [1,0] [1,0] [1,0] [1,0] [1,0] [1,0] [1,0] [1,0] [1,0] [1,0] [1,0] [1,0] [1,0] [1,0] [1,0] [1,0] [1,0] [1,0] [1,0] [1,0] [1,0] [1,0] [1,0] [1,0] [1,0] [1,0] [1,0] [1,0] [1,0] [1,0] [1,0] [1,0] [1,0] [1,0] [1,0] [1,0] [1,0] [1,0] [1,0] [1,0] [1,0] [1,0] [1,0] [1,0] [1,0] [1,0] [1,0] [1,0] [1,0] [1,0] [1,0] [1,0] [1,0] [1,0] [1,0] [1,0] [1,0] [1,0] [1,0] [1,0] [1,0] [1,0] [1,0] [1,0] [1,0] [1,0] [1,0] [1,0] [1,0] [1,0] [1,0] [1,0] [1,0] [1,0] [1,0] [1,0]
[1,0] [1,0] [1,0] [1,0] [1,0] [1,0] [1,0] [1,0] [271,0] [271,0] [271,0] [271,0] [271,0] [271,0] [271,0] [271,0] [271,0] [271,0] [271,0] [271,0] [271,0] [1,0] [1,0] [1,0] [1,0] [1,0] [1,0] [1,0] [1,0] [1,0] [1,0] [1,0] [1,0] [1,0] [1,0] [1,0] [1,0] [1,0] [1,0] [1,0] [1,0] [1,0] [1,0] [1,0] [1,0] [1,0] [1,0] [1,0] [1,0] [1,0] [1,0] [1,0] [1,0] [1,0] [1,0] [1,0] [1,0] [1,0] [1,0] [1,0] [1,0] [1,0] [1,0] [1,0] [1,0] [1,0] [1,0] [1,0] [1,0] [1,0] [1,0] [1,0] [1,0] [1,0] [1,0] [1,0] [1,0] [1,0] [1,0] [1,0] [1,0] [1,0] [1,0] [1,0] [1,0] [1,0] [1,0] [1,0] [1,0] [1,0] [1,0] [1,0] [1,0] [1,0] [1,0] [1,0] [1,0] [1,0] [1,0] [1,0]
[1,0] [1,0] [1,0] [1,0] [1,0] [1,0] [271,0] [271,0] [1,0] [271,0] [271,0] [271,0] [271,0] [271,0] [271,0] [271,0] [271,0] [271,0] [271,0] [1,0] [1,0] [1,0] [1,0] [1,0] [1,0] [1,0] [1,0] [1,0] [1,0] [1,0] [1,0] [1,0] [1,0] [1,0] [1,0] [1,0] [1,0] [1,0] [1,0] [1,0] [1,0] [1,0] [1,0] [1,0] [1,0] [1,0] [1,0] [1,0] [1,0] [1,0] [1,0] [1,0] [1,0] [1,0] [1,0] [1,0] [1,0] [1,0] [1,0] [1,0] [1,0] [1,0] [1,0] [1,0] [1,0] [1,0] [1,0] [1,0] [1,0] [1,0] [1,0] [1,0] [1,0] [1,0] [1,0] [1,0] [1,0] [1,0] [1,0] [1,0] [1,0] [1,0] [1,0] [1,0] [1,0] [1,0] [1,0] [1,0] [1,0] [1,0] [1,0] [1,0] [1,0] [1,0] [1,0] [1,0] [1,0] [1,0] [1,0] [1,0]
[271,0] [271,0] [271,0] [271,0] [271,0] [271,0] [271,0] [271,0] [271,0] [271,0] [271,0] [271,0] [271,0] [271,0] [271,0] [1,0] [1,0] [1,0] [1,0] [1,0] [1,0] [1,0] [1,0] [1,0] [1,0] [1,0] [1,0] [1,0] [1,0] [1,0] [1,0] [1,0] [1,0] [1,0] [1,0] [1,0] [1,0] [1,0] [1,0] [1,0] [1,0] [1,0] [1,0] [1,0] [1,0] [1,0] [1,0] [1,0] [1,0] [1,0] [1,0] [1,0] [1,0] [1,0] [1,0] [1,0] [1,0] [1,0] [1,0] [1,0] [1,0] [1,0] [1,0] [1,0] [1,0] [1,0] [1,0] [1,0] [1,0] [1,0] [1,0] [1,0] [1,0] [1,0] [1,0] [1,0] [1,0] [1,0] [1,0] [1,0] [1,0] [1,0] [1,0] [1,0] [1,0] [1,0] [1,0] [1,0] [1,0] [1,0] [1,0] [1,0] [1,0] [1,0] [1,0] [1,0] [1,0] [1,0] [1,0] [1,0]
[271,0] [271,0] [271,0] [271,0] [271,0] [271,0] [271,0] [271,0] [271,0] [271,0] [271,0] [1,0] [1,0] [1,0] [1,0] [1,0] [1,0] [1,0] [1,0] [1,0] [1,0] [1,0] [1,0] [1,0] [1,0] [1,0] [1,0] [1,0] [1,0] [1,0] [1,0] [1,0] [1,0] [1,0] [1,0] [1,0] [1,0] [1,0] [1,0] [1,0] [1,0] [1,0] [1,0] [1,0] [1,0] [1,0] [1,0] [1,0] [1,0] [1,0] [1,0] [1,0] [1,0] [1,0] [1,0] [1,0] [1,0] [1,0] [1,0] [1,0] [1,0] [1,0] [1,0] [1,0] [1,0] [1,0] [1,0] [1,0] [1,0] [1,0] [1,0] [1,0] [1,0] [1,0] [1,0] [1,0] [1,0] [1,0] [1,0] [1,0] [1,0] [1,0] [1,0] [1,0] [1,0] [1,0] [1,0] [1,0] [1,0] [1,0] [1,0] [1,0] [1,0] [1,0] [1,0] [1,0] [1,0] [1,0] [1,0] [1,0]